UV35,Simulated E-coli,10/1/1920,9/30/2010,0.00000,0.00000,0.00000,0.00000,0.00000,0,0,0,2,0,3,0,0,1,32872
UV39,Simulated E-coli,10/1/1920,9/30/2010,0.00000,0.00000,0.00000,0.00000,0.00000,0,0,0,2,0,3,0,0,1,32872
UV40,Simulated E-coli,10/1/1920,9/30/2010,0.00000,0.00000,0.00000,0.00000,0.00000,0,0,0,2,0,3,0,0,1,32872
UV36,Simulated E-coli,10/1/1920,9/30/2010,0.00000,0.00000,0.00000,0.00000,0.00000,0,0,0,2,0,3,0,0,1,32872
UV41,Simulated E-coli,10/1/1920,9/30/2010,0.00000,0.00000,0.00000,0.00000,0.00000,0,0,0,2,0,3,0,0,1,32872
UV42,Simulated E-coli,10/1/1920,9/30/2010,0.00000,0.00000,0.00000,0.00000,0.00000,0,0,0,2,0,3,0,0,1,32872
UV1,Simulated E-coli,10/1/1920,9/30/2010,0.00000,0.00000,0.00000,0.00000,0.00000,0,0,0,2,0,3,1,8,1,32872
Node_287,Simulated E-coli,10/1/1920,9/30/2010,0.00000,0.00000,0.00000,0.00000,0.00000,0,0,0,2,0,3,1,8,1,32872
UV32,Simulated E-coli,10/1/1920,9/30/2010,0.00000,0.00000,0.00000,0.00000,0.00000,0,0,0,2,0,3,0,0,1,32872
UV6,Simulated E-coli,10/1/1920,9/30/2010,0.00000,0.00000,0.00000,0.00000,0.00000,0,0,0,2,0,3,1,8,1,32872
Node_34,Simulated E-coli,10/1/1920,9/30/2010,0.00000,0.00000,0.00000,0.00000,0.00000,0,0,0,2,0,3,1,8,1,32872
UV37,Simulated E-coli,10/1/1920,9/30/2010,0.00000,0.00000,0.00000,0.00000,0.00000,0,0,0,2,0,3,0,0,1,32872
UV46,Simulated E-coli,10/1/1920,9/30/2010,0.00000,0.00000,0.00000,0.00000,0.00000,0,0,0,2,0,3,0,0,1,32872
UV47,Simulated E-coli,10/1/1920,9/30/2010,0.00000,0.00000,0.00000,0.00000,0.00000,0,0,0,2,0,3,0,0,1,32872
UV16,Simulated E-coli,10/1/1920,9/30/2010,0.00000,0.00000,0.00000,0.00000,0.00000,0,0,0,2,0,3,1,8,1,32872
DD_628,Simulated E-coli,10/1/1920,9/30/2010,0.00000,0.00000,0.00000,0.00000,0.00000,0,0,0,2,0,3,1,8,1,32872
Node_555,Simulated E-coli,10/1/1920,9/30/2010,0.00000,0.00000,0.00000,0.00000,0.00000,0,0,0,2,0,3,1,8,1,32872
Node_631,Simulated E-coli,10/1/1920,9/30/2010,0.00000,0.00000,0.00000,0.00000,0.00000,0,0,0,2,0,3,1,8,1,32872
UV43,Simulated E-coli,10/1/1920,9/30/2010,0.00000,0.00000,0.00000,0.00000,0.00000,0,0,0,2,0,3,0,0,1,32872
UV8,Simulated E-coli,10/1/1920,9/30/2010,0.00000,0.00000,0.00000,0.00000,0.00000,0,0,0,2,0,3,1,8,1,32872
DD_381,Simulated E-coli,10/1/1920,9/30/2010,0.00000,0.00000,0.00000,0.00000,0.00000,0,0,0,2,0,3,1,8,1,32872
Node_904,Simulated E-coli,10/1/1920,9/30/2010,0.00000,0.00000,0.00000,0.00000,0.00000,0,0,0,2,0,3,1,8,1,32872
UV33,Simulated E-coli,10/1/1920,9/30/2010,0.00000,0.00000,0.00000,0.00000,0.00000,0,0,0,2,0,3,0,0,1,32872
UV2,Simulated E-coli,10/1/1920,9/30/2010,0.00000,0.00000,0.00000,0.00000,0.00000,0,0,0,2,0,3,1,8,1,32872
DD_200,Simulated E-coli,10/1/1920,9/30/2010,0.00000,0.00000,0.00000,0.00000,0.00000,0,0,0,2,0,3,1,8,1,32872
Node_100,Simulated E-coli,10/1/1920,9/30/2010,0.00000,0.00000,0.00000,0.00000,0.00000,0,0,0,2,0,3,1,8,1,32872
UV38,Simulated E-coli,10/1/1920,9/30/2010,0.00000,0.00000,0.00000,0.00000,0.00000,0,0,0,2,0,3,0,0,1,32872
UV88,Simulated E-coli,10/1/1920,9/30/2010,0.00000,0.00000,0.00000,0.00000,0.00000,0,0,0,2,0,3,0,0,1,32872
UV18,Simulated E-coli,10/1/1920,9/30/2010,0.00000,0.00000,0.00000,0.00000,0.00000,0,0,0,2,0,3,1,8,1,32872
DD_557,Simulated E-coli,10/1/1920,9/30/2010,0.00000,0.00000,0.00000,0.00000,0.00000,0,0,0,2,0,3,1,8,1,32872
Node_560,Simulated E-coli,10/1/1920,9/30/2010,0.00000,0.00000,0.00000,0.00000,0.00000,0,0,0,2,0,3,1,8,1,32872
Node_634,Simulated E-coli,10/1/1920,9/30/2010,0.00000,0.00000,0.00000,0.00000,0.00000,0,0,0,2,0,3,1,8,1,32872
Node_633,Simulated E-coli,10/1/1920,9/30/2010,0.00000,0.00000,0.00000,0.00000,0.00000,0,0,0,2,0,3,1,8,1,32872
End,Simulated E-coli,10/1/1920,9/30/2010,0.00000,0.00000,0.00000,0.00000,0.00000,0,0,0,2,0,3,1,8,1,32872
UV7,Simulated E-coli,10/1/1920,9/30/2010,0.00000,0.00000,0.00000,0.00000,0.00000,0,0,0,2,0,3,1,8,1,32872
Node_372,Simulated E-coli,10/1/1920,9/30/2010,0.00000,0.00000,0.00000,0.00000,0.00000,0,0,0,2,0,3,1,8,1,32872
UV34,Simulated E-coli,10/1/1920,9/30/2010,0.00000,0.00000,0.00000,0.00000,0.00000,0,0,0,2,0,3,0,0,1,32872
UV10,Simulated E-coli,10/1/1920,9/30/2010,0.00000,0.00000,0.00000,0.00000,0.00000,0,0,0,2,0,3,1,8,1,32872
UV17,Simulated E-coli,10/1/1920,9/30/2010,0.00000,0.00000,0.00000,0.00000,0.00000,0,0,0,2,0,3,1,8,1,32872
Node_562,Simulated E-coli,10/1/1920,9/30/2010,0.00000,0.00000,0.00000,0.00000,0.00000,0,0,0,2,0,3,1,8,1,32872
UV19,Simulated E-coli,10/1/1920,9/30/2010,0.00000,0.00000,0.00000,0.00000,0.00000,0,0,0,2,0,3,1,8,1,32872
DD_639,Simulated E-coli,10/1/1920,9/30/2010,0.00000,0.00000,0.00000,0.00000,0.00000,0,0,0,2,0,3,1,8,1,32872
Node_637,Simulated E-coli,10/1/1920,9/30/2010,0.00000,0.00000,0.00000,0.00000,0.00000,0,0,0,2,0,3,1,8,1,32872
Node_641,Simulated E-coli,10/1/1920,9/30/2010,0.00000,0.00000,0.00000,0.00000,0.00000,0,0,0,2,0,3,1,8,1,32872
End_Barr,Simulated E-coli,10/1/1920,9/30/2010,0.00000,0.00000,0.00000,0.00000,0.00000,0,0,0,2,0,3,0,0,1,32872
UV22,Simulated E-coli,10/1/1920,9/30/2010,0.00000,0.00000,0.00000,0.00000,0.00000,0,0,0,2,0,3,1,8,1,32872
UV48,Simulated E-coli,10/1/1920,9/30/2010,0.00000,0.00000,0.00000,0.00000,0.00000,0,0,0,2,0,3,0,0,1,32872
Vaal_Barr,Simulated E-coli,10/1/1920,9/30/2010,0.00000,0.00000,0.00000,0.00000,0.00000,0,0,0,2,0,3,0,0,1,32872
Node_B27,Simulated E-coli,10/1/1920,9/30/2010,0.00000,0.00000,0.00000,0.00000,0.00000,0,0,0,2,0,3,0,0,1,32872
UV5,Simulated E-coli,10/1/1920,9/30/2010,0.00000,0.00000,0.00000,0.00000,0.00000,0,0,0,2,0,3,1,8,1,32872
Node_373,Simulated E-coli,10/1/1920,9/30/2010,0.00000,0.00000,0.00000,0.00000,0.00000,0,0,0,2,0,3,1,8,1,32872
Node_374,Simulated E-coli,10/1/1920,9/30/2010,0.00000,0.00000,0.00000,0.00000,0.00000,0,0,0,2,0,3,1,8,1,32872
Node_903,Simulated E-coli,10/1/1920,9/30/2010,0.00000,0.00000,0.00000,0.00000,0.00000,0,0,0,2,0,3,1,8,1,32872
UV9,Simulated E-coli,10/1/1920,9/30/2010,0.00000,0.00000,0.00000,0.00000,0.00000,0,0,0,2,0,3,1,8,1,32872
Node_392,Simulated E-coli,10/1/1920,9/30/2010,0.00000,0.00000,0.00000,0.00000,0.00000,0,0,0,2,0,3,1,8,1,32872
UV4,Simulated E-coli,10/1/1920,9/30/2010,0.00000,0.00000,0.00000,0.00000,0.00000,0,0,0,2,0,3,1,8,1,32872
UV23,Simulated E-coli,10/1/1920,9/30/2010,0.00000,0.00000,0.00000,0.00000,0.00000,0,0,0,2,0,3,1,8,1,32872
Node_1793,Simulated E-coli,10/1/1920,9/30/2010,0.00000,0.00000,0.00000,0.00000,0.00000,0,0,0,2,0,3,1,8,1,32872
UV11,Simulated E-coli,10/1/1920,9/30/2010,0.00000,0.00000,0.00000,0.00000,0.00000,0,0,0,2,0,3,1,8,1,32872
Groot_Dam,Simulated E-coli,10/1/1920,9/30/2010,0.00000,0.00000,0.00000,0.00000,0.00000,0,0,0,2,0,3,1,8,1,32872
Node_402,Simulated E-coli,10/1/1920,9/30/2010,0.00000,0.00000,0.00000,0.00000,0.00000,0,0,0,2,0,3,1,8,1,32872
UV45,Simulated E-coli,10/1/1920,9/30/2010,0.00000,0.00000,0.00000,0.00000,0.00000,0,0,0,2,0,3,0,0,1,32872
UV3,Simulated E-coli,10/1/1920,9/30/2010,0.00000,0.00000,0.00000,0.00000,0.00000,0,0,0,2,0,3,1,8,1,32872
UV12,Simulated E-coli,10/1/1920,9/30/2010,0.00000,0.00000,0.00000,0.00000,0.00000,0,0,0,2,0,3,1,8,1,32872
Node_412,Simulated E-coli,10/1/1920,9/30/2010,0.00000,0.00000,0.00000,0.00000,0.00000,0,0,0,2,0,3,1,8,1,32872
Node_2,Simulated E-coli,10/1/1920,9/30/2010,0.00000,0.00000,0.00000,0.00000,0.00000,0,0,0,2,0,3,1,8,1,32872
UV14,Simulated E-coli,10/1/1920,9/30/2010,0.00000,0.00000,0.00000,0.00000,0.00000,0,0,0,2,0,3,1,8,1,32872
Node_205,Simulated E-coli,10/1/1920,9/30/2010,0.00000,0.00000,0.00000,0.00000,0.00000,0,0,0,2,0,3,1,8,1,32872
Node_908,Simulated E-coli,10/1/1920,9/30/2010,0.00000,0.00000,0.00000,0.00000,0.00000,0,0,0,2,0,3,1,8,1,32872
Node_563,Simulated E-coli,10/1/1920,9/30/2010,0.00000,0.00000,0.00000,0.00000,0.00000,0,0,0,2,0,3,1,8,1,32872
UV20,Simulated E-coli,10/1/1920,9/30/2010,0.00000,0.00000,0.00000,0.00000,0.00000,0,0,0,2,0,3,1,8,1,32872
Node_206,Simulated E-coli,10/1/1920,9/30/2010,0.00000,0.00000,0.00000,0.00000,0.00000,0,0,0,2,0,3,1,8,1,32872
Node_913,Simulated E-coli,10/1/1920,9/30/2010,0.00000,0.00000,0.00000,0.00000,0.00000,0,0,0,2,0,3,1,8,1,32872
UV80,Simulated E-coli,10/1/1920,9/30/2010,0.00000,0.00000,0.00000,0.00000,0.00000,0,0,0,2,0,3,1,8,1,32872
Vaal_Dam,Simulated E-coli,10/1/1920,9/30/2010,0.00000,0.00000,0.00000,0.00000,0.00000,0,0,0,2,0,3,1,8,1,32872
DD_544,Simulated E-coli,10/1/1920,9/30/2010,0.00000,0.00000,0.00000,0.00000,0.00000,0,0,0,2,0,3,1,8,1,32872
Node_915,Simulated E-coli,10/1/1920,9/30/2010,0.00000,0.00000,0.00000,0.00000,0.00000,0,0,0,2,0,3,1,8,1,32872
UV15,Simulated E-coli,10/1/1920,9/30/2010,0.00000,0.00000,0.00000,0.00000,0.00000,0,0,0,2,0,3,1,8,1,32872
UV21,Simulated E-coli,10/1/1920,9/30/2010,0.00000,0.00000,0.00000,0.00000,0.00000,0,0,0,2,0,3,1,8,1,32872
UV31,Simulated E-coli,10/1/1920,9/30/2010,0.00000,0.00000,0.00000,0.00000,0.00000,0,0,0,2,0,3,1,8,1,32872
UV79,Simulated E-coli,10/1/1920,9/30/2010,0.00000,0.00000,0.00000,0.00000,0.00000,0,0,0,2,0,3,1,8,1,32872
UV29,Simulated E-coli,10/1/1920,9/30/2010,0.00000,0.00000,0.00000,0.00000,0.00000,0,0,0,2,0,3,1,8,1,32872
Node_902,Simulated E-coli,10/1/1920,9/30/2010,0.00000,0.00000,0.00000,0.00000,0.00000,0,0,0,2,0,3,1,8,1,32872
UV25,Simulated E-coli,10/1/1920,9/30/2010,0.00000,0.00000,0.00000,0.00000,0.00000,0,0,0,2,0,3,1,8,1,32872
DD_429,Simulated E-coli,10/1/1920,9/30/2010,0.00000,0.00000,0.00000,0.00000,0.00000,0,0,0,2,0,3,1,8,1,32872
Node_466,Simulated E-coli,10/1/1920,9/30/2010,0.00000,0.00000,0.00000,0.00000,0.00000,0,0,0,2,0,3,1,8,1,32872
Node_901,Simulated E-coli,10/1/1920,9/30/2010,0.00000,0.00000,0.00000,0.00000,0.00000,0,0,0,2,0,3,1,8,1,32872
Node_900,Simulated E-coli,10/1/1920,9/30/2010,0.00000,0.00000,0.00000,0.00000,0.00000,0,0,0,2,0,3,1,8,1,32872
UV13,Simulated E-coli,10/1/1920,9/30/2010,0.00000,0.00000,0.00000,0.00000,0.00000,0,0,0,2,0,3,1,8,1,32872
DD_202,Simulated E-coli,10/1/1920,9/30/2010,0.00000,0.00000,0.00000,0.00000,0.00000,0,0,0,2,0,3,1,8,1,32872
Node_910,Simulated E-coli,10/1/1920,9/30/2010,0.00000,0.00000,0.00000,0.00000,0.00000,0,0,0,2,0,3,1,8,1,32872
UV24,Simulated E-coli,10/1/1920,9/30/2010,0.00000,0.00000,0.00000,0.00000,0.00000,0,0,0,2,0,3,1,8,1,32872
Node_250,Simulated E-coli,10/1/1920,9/30/2010,0.00000,0.00000,0.00000,0.00000,0.00000,0,0,0,2,0,3,1,8,1,32872
UV77,Simulated E-coli,10/1/1920,9/30/2010,0.00000,0.00000,0.00000,0.00000,0.00000,0,0,0,2,0,3,1,8,1,32872
Node_362,Simulated E-coli,10/1/1920,9/30/2010,0.00000,0.00000,0.00000,0.00000,0.00000,0,0,0,2,0,3,1,8,1,32872
UV68,Simulated E-coli,10/1/1920,9/30/2010,0.00000,0.00000,0.00000,0.00000,0.00000,0,0,0,2,0,3,1,8,1,32872
Node_574,Simulated E-coli,10/1/1920,9/30/2010,0.00000,0.00000,0.00000,0.00000,0.00000,0,0,0,2,0,3,1,8,1,32872
Node_577,Simulated E-coli,10/1/1920,9/30/2010,0.00000,0.00000,0.00000,0.00000,0.00000,0,0,0,2,0,3,1,8,1,32872
UV78,Simulated E-coli,10/1/1920,9/30/2010,0.00000,0.00000,0.00000,0.00000,0.00000,0,0,0,2,0,3,1,8,1,32872
UV27,Simulated E-coli,10/1/1920,9/30/2010,0.00000,0.00000,0.00000,0.00000,0.00000,0,0,0,2,0,3,1,8,1,32872
Node_498,Simulated E-coli,10/1/1920,9/30/2010,0.00000,0.00000,0.00000,0.00000,0.00000,0,0,0,2,0,3,1,8,1,32872
UV76,Simulated E-coli,10/1/1920,9/30/2010,0.00000,0.00000,0.00000,0.00000,0.00000,0,0,0,2,0,3,1,8,1,32872
Node_491,Simulated E-coli,10/1/1920,9/30/2010,0.00000,0.00000,0.00000,0.00000,0.00000,0,0,0,2,0,3,1,8,1,32872
UV30,Simulated E-coli,10/1/1920,9/30/2010,0.00000,0.00000,0.00000,0.00000,0.00000,0,0,0,2,0,3,1,8,1,32872
UV66,Simulated E-coli,10/1/1920,9/30/2010,0.00000,0.00000,0.00000,0.00000,0.00000,0,0,0,2,0,3,1,8,1,32872
UV28,Simulated E-coli,10/1/1920,9/30/2010,0.00000,0.00000,0.00000,0.00000,0.00000,0,0,0,2,0,3,1,8,1,32872
UV67,Simulated E-coli,10/1/1920,9/30/2010,0.00000,0.00000,0.00000,0.00000,0.00000,0,0,0,2,0,3,1,8,1,32872
DD_570,Simulated E-coli,10/1/1920,9/30/2010,0.00000,0.00000,0.00000,0.00000,0.00000,0,0,0,2,0,3,1,8,1,32872
UV75,Simulated E-coli,10/1/1920,9/30/2010,0.00000,0.00000,0.00000,0.00000,0.00000,0,0,0,2,0,3,1,8,1,32872
UV26,Simulated E-coli,10/1/1920,9/30/2010,0.00000,0.00000,0.00000,0.00000,0.00000,0,0,0,2,0,3,1,8,1,32872
UV74,Simulated E-coli,10/1/1920,9/30/2010,0.00000,0.00000,0.00000,0.00000,0.00000,0,0,0,2,0,3,1,8,1,32872
Node_490,Simulated E-coli,10/1/1920,9/30/2010,0.00000,0.00000,0.00000,0.00000,0.00000,0,0,0,2,0,3,1,8,1,32872
UV65,Simulated E-coli,10/1/1920,9/30/2010,0.00000,0.00000,0.00000,0.00000,0.00000,0,0,0,2,0,3,1,8,1,32872
UV64,Simulated E-coli,10/1/1920,9/30/2010,0.00000,0.00000,0.00000,0.00000,0.00000,0,0,0,2,0,3,1,8,1,32872
UV63,Simulated E-coli,10/1/1920,9/30/2010,0.00000,0.00000,0.00000,0.00000,0.00000,0,0,0,2,0,3,1,8,1,32872
Node_568,Simulated E-coli,10/1/1920,9/30/2010,0.00000,0.00000,0.00000,0.00000,0.00000,0,0,0,2,0,3,1,8,1,32872
UV62,Simulated E-coli,10/1/1920,9/30/2010,0.00000,0.00000,0.00000,0.00000,0.00000,0,0,0,2,0,3,1,8,1,32872
UV61,Simulated E-coli,10/1/1920,9/30/2010,0.00000,0.00000,0.00000,0.00000,0.00000,0,0,0,2,0,3,1,8,1,32872
UV73,Simulated E-coli,10/1/1920,9/30/2010,0.00000,0.00000,0.00000,0.00000,0.00000,0,0,0,2,0,3,1,8,1,32872
UV59,Simulated E-coli,10/1/1920,9/30/2010,0.00000,0.00000,0.00000,0.00000,0.00000,0,0,0,2,0,3,1,8,1,32872
UV71,Simulated E-coli,10/1/1920,9/30/2010,0.00000,0.00000,0.00000,0.00000,0.00000,0,0,0,2,0,3,1,8,1,32872
Node_907,Simulated E-coli,10/1/1920,9/30/2010,0.00000,0.00000,0.00000,0.00000,0.00000,0,0,0,2,0,3,1,8,1,32872
UV60,Simulated E-coli,10/1/1920,9/30/2010,0.00000,0.00000,0.00000,0.00000,0.00000,0,0,0,2,0,3,1,8,1,32872
UV58,Simulated E-coli,10/1/1920,9/30/2010,0.00000,0.00000,0.00000,0.00000,0.00000,0,0,0,2,0,3,1,8,1,32872
Node_204,Simulated E-coli,10/1/1920,9/30/2010,0.00000,0.00000,0.00000,0.00000,0.00000,0,0,0,2,0,3,1,8,1,32872
UV72,Simulated E-coli,10/1/1920,9/30/2010,0.00000,0.00000,0.00000,0.00000,0.00000,0,0,0,2,0,3,1,8,1,32872
UV49,Simulated E-coli,10/1/1920,9/30/2010,0.00000,0.00000,0.00000,0.00000,0.00000,0,0,0,2,0,3,1,8,1,32872
UV57,Simulated E-coli,10/1/1920,9/30/2010,0.00000,0.00000,0.00000,0.00000,0.00000,0,0,0,2,0,3,1,8,1,32872
UV53,Simulated E-coli,10/1/1920,9/30/2010,0.00000,0.00000,0.00000,0.00000,0.00000,0,0,0,2,0,3,1,8,1,32872
Node_905,Simulated E-coli,10/1/1920,9/30/2010,0.00000,0.00000,0.00000,0.00000,0.00000,0,0,0,2,0,3,1,8,1,32872
Node_203,Simulated E-coli,10/1/1920,9/30/2010,0.00000,0.00000,0.00000,0.00000,0.00000,0,0,0,2,0,3,1,8,1,32872
DD_201,Simulated E-coli,10/1/1920,9/30/2010,0.00000,0.00000,0.00000,0.00000,0.00000,0,0,0,2,0,3,1,8,1,32872
UV56,Simulated E-coli,10/1/1920,9/30/2010,0.00000,0.00000,0.00000,0.00000,0.00000,0,0,0,2,0,3,1,8,1,32872
UV50,Simulated E-coli,10/1/1920,9/30/2010,0.00000,0.00000,0.00000,0.00000,0.00000,0,0,0,2,0,3,1,8,1,32872
UV69,Simulated E-coli,10/1/1920,9/30/2010,0.00000,0.00000,0.00000,0.00000,0.00000,0,0,0,2,0,3,1,8,1,32872
Saulspoor,Simulated E-coli,10/1/1920,9/30/2010,0.00000,0.00000,0.00000,0.00000,0.00000,0,0,0,2,0,3,1,8,1,32872
Node_916,Simulated E-coli,10/1/1920,9/30/2010,0.00000,0.00000,0.00000,0.00000,0.00000,0,0,0,2,0,3,1,8,1,32872
UV70,Simulated E-coli,10/1/1920,9/30/2010,0.00000,0.00000,0.00000,0.00000,0.00000,0,0,0,2,0,3,1,8,1,32872
UV55,Simulated E-coli,10/1/1920,9/30/2010,0.00000,0.00000,0.00000,0.00000,0.00000,0,0,0,2,0,3,1,8,1,32872
UV51,Simulated E-coli,10/1/1920,9/30/2010,0.00000,0.00000,0.00000,0.00000,0.00000,0,0,0,2,0,3,1,8,1,32872
UV54,Simulated E-coli,10/1/1920,9/30/2010,0.00000,0.00000,0.00000,0.00000,0.00000,0,0,0,2,0,3,1,8,1,32872
UV81,Simulated E-coli,10/1/1920,9/30/2010,0.00000,0.00000,0.00000,0.00000,0.00000,0,0,0,2,0,3,1,8,1,32872
UV82,Simulated E-coli,10/1/1920,9/30/2010,0.00000,0.00000,0.00000,0.00000,0.00000,0,0,0,2,0,3,1,8,1,32872
DD_19,Simulated E-coli,10/1/1920,9/30/2010,0.00000,0.00000,0.00000,0.00000,0.00000,0,0,0,2,0,3,0,0,1,32872
Node_B20,Simulated E-coli,10/1/1920,9/30/2010,0.00000,0.00000,0.00000,0.00000,0.00000,0,0,0,2,0,3,0,0,1,32872
Node_B21,Simulated E-coli,10/1/1920,9/30/2010,0.00000,0.00000,0.00000,0.00000,0.00000,0,0,0,2,0,3,0,0,1,32872
Node_B22,Simulated E-coli,10/1/1920,9/30/2010,0.00000,0.00000,0.00000,0.00000,0.00000,0,0,0,2,0,3,0,0,1,32872
Node_B23,Simulated E-coli,10/1/1920,9/30/2010,0.00000,0.00000,0.00000,0.00000,0.00000,0,0,0,2,0,3,0,0,1,32872
DD_24,Simulated E-coli,10/1/1920,9/30/2010,0.00000,0.00000,0.00000,0.00000,0.00000,0,0,0,2,0,3,0,0,1,32872
Node_B31,Simulated E-coli,10/1/1920,9/30/2010,0.00000,0.00000,0.00000,0.00000,0.00000,0,0,0,2,0,3,0,0,1,32872
Node_B32,Simulated E-coli,10/1/1920,9/30/2010,0.00000,0.00000,0.00000,0.00000,0.00000,0,0,0,2,0,3,0,0,1,32872
DD_26,Simulated E-coli,10/1/1920,9/30/2010,0.00000,0.00000,0.00000,0.00000,0.00000,0,0,0,2,0,3,0,0,1,32872
Node_B16,Simulated E-coli,10/1/1920,9/30/2010,0.00000,0.00000,0.00000,0.00000,0.00000,0,0,0,2,0,3,0,0,1,32872
Node_B25,Simulated E-coli,10/1/1920,9/30/2010,0.00000,0.00000,0.00000,0.00000,0.00000,0,0,0,2,0,3,0,0,1,32872
DD_1,Simulated E-coli,10/1/1920,9/30/2010,0.00000,0.00000,0.00000,0.00000,0.00000,0,0,0,2,0,3,0,0,1,32872
Node_B5,Simulated E-coli,10/1/1920,9/30/2010,0.00000,0.00000,0.00000,0.00000,0.00000,0,0,0,2,0,3,0,0,1,32872
Node_B2,Simulated E-coli,10/1/1920,9/30/2010,0.00000,0.00000,0.00000,0.00000,0.00000,0,0,0,2,0,3,0,0,1,32872
Node_B3,Simulated E-coli,10/1/1920,9/30/2010,0.00000,0.00000,0.00000,0.00000,0.00000,0,0,0,2,0,3,0,0,1,32872
Node_B4,Simulated E-coli,10/1/1920,9/30/2010,0.00000,0.00000,0.00000,0.00000,0.00000,0,0,0,2,0,3,0,0,1,32872
DD_6,Simulated E-coli,10/1/1920,9/30/2010,0.00000,0.00000,0.00000,0.00000,0.00000,0,0,0,2,0,3,0,0,1,32872
Node_B7,Simulated E-coli,10/1/1920,9/30/2010,0.00000,0.00000,0.00000,0.00000,0.00000,0,0,0,2,0,3,0,0,1,32872
DD_8,Simulated E-coli,10/1/1920,9/30/2010,0.00000,0.00000,0.00000,0.00000,0.00000,0,0,0,2,0,3,0,0,1,32872
UV83,Simulated E-coli,10/1/1920,9/30/2010,0.00000,0.00000,0.00000,0.00000,0.00000,0,0,0,2,0,3,0,0,1,32872
DD_12,Simulated E-coli,10/1/1920,9/30/2010,0.00000,0.00000,0.00000,0.00000,0.00000,0,0,0,2,0,3,0,0,1,32872
Node_B9,Simulated E-coli,10/1/1920,9/30/2010,0.00000,0.00000,0.00000,0.00000,0.00000,0,0,0,2,0,3,0,0,1,32872
Node_B10,Simulated E-coli,10/1/1920,9/30/2010,0.00000,0.00000,0.00000,0.00000,0.00000,0,0,0,2,0,3,0,0,1,32872
Node_B11,Simulated E-coli,10/1/1920,9/30/2010,0.00000,0.00000,0.00000,0.00000,0.00000,0,0,0,2,0,3,0,0,1,32872
DD_17,Simulated E-coli,10/1/1920,9/30/2010,0.00000,0.00000,0.00000,0.00000,0.00000,0,0,0,2,0,3,0,0,1,32872
Node_B13,Simulated E-coli,10/1/1920,9/30/2010,0.00000,0.00000,0.00000,0.00000,0.00000,0,0,0,2,0,3,0,0,1,32872
Node_B14,Simulated E-coli,10/1/1920,9/30/2010,0.00000,0.00000,0.00000,0.00000,0.00000,0,0,0,2,0,3,0,0,1,32872
Node_B15,Simulated E-coli,10/1/1920,9/30/2010,0.00000,0.00000,0.00000,0.00000,0.00000,0,0,0,2,0,3,0,0,1,32872
DD_18,Simulated E-coli,10/1/1920,9/30/2010,0.00000,0.00000,0.00000,0.00000,0.00000,0,0,0,2,0,3,0,0,1,32872
Node_B28,Simulated E-coli,10/1/1920,9/30/2010,0.00000,0.00000,0.00000,0.00000,0.00000,0,0,0,2,0,3,0,0,1,32872
Node_B29,Simulated E-coli,10/1/1920,9/30/2010,0.00000,0.00000,0.00000,0.00000,0.00000,0,0,0,2,0,3,0,0,1,32872
DD_30,Simulated E-coli,10/1/1920,9/30/2010,0.00000,0.00000,0.00000,0.00000,0.00000,0,0,0,2,0,3,0,0,1,32872
UV84,Simulated E-coli,10/1/1920,9/30/2010,0.00000,0.00000,0.00000,0.00000,0.00000,0,0,0,2,0,3,0,0,1,32872
UV85,Simulated E-coli,10/1/1920,9/30/2010,0.00000,0.00000,0.00000,0.00000,0.00000,0,0,0,2,0,3,0,0,1,32872
UV86,Simulated E-coli,10/1/1920,9/30/2010,0.00000,0.00000,0.00000,0.00000,0.00000,0,0,0,2,0,3,0,0,1,32872
UV87,Simulated E-coli,10/1/1920,9/30/2010,0.00000,0.00000,0.00000,0.00000,0.00000,0,0,0,2,0,3,0,0,1,32872
