UV35,Simulated Water Temperature,10/1/1920,9/30/2010,0.00000,0.00000,0.00000,0.00000,0.00000,0,0,0,2,0,3,0,1,1,32872
UV39,Simulated Water Temperature,10/1/1920,9/30/2010,0.00000,0.00000,0.00000,0.00000,0.00000,0,0,0,2,0,3,0,1,1,32872
UV40,Simulated Water Temperature,10/1/1920,9/30/2010,0.00000,0.00000,0.00000,0.00000,0.00000,0,0,0,2,0,3,0,1,1,32872
UV36,Simulated Water Temperature,10/1/1920,9/30/2010,0.00000,0.00000,0.00000,0.00000,0.00000,0,0,0,2,0,3,0,1,1,32872
UV41,Simulated Water Temperature,10/1/1920,9/30/2010,0.00000,0.00000,0.00000,0.00000,0.00000,0,0,0,2,0,3,0,1,1,32872
UV42,Simulated Water Temperature,10/1/1920,9/30/2010,0.00000,0.00000,0.00000,0.00000,0.00000,0,0,0,2,0,3,0,1,1,32872
UV1,Simulated Water Temperature,10/1/1920,9/30/2010,0.00000,0.00000,0.00000,0.00000,0.00000,0,0,0,2,0,3,0,1,1,32872
Node_287,Simulated Water Temperature,10/1/1920,9/30/2010,0.00000,0.00000,0.00000,0.00000,0.00000,0,0,0,2,0,3,0,1,1,32872
UV32,Simulated Water Temperature,10/1/1920,9/30/2010,0.00000,0.00000,0.00000,0.00000,0.00000,0,0,0,2,0,3,0,1,1,32872
UV6,Simulated Water Temperature,10/1/1920,9/30/2010,0.00000,0.00000,0.00000,0.00000,0.00000,0,0,0,2,0,3,0,1,1,32872
Node_34,Simulated Water Temperature,10/1/1920,9/30/2010,0.00000,0.00000,0.00000,0.00000,0.00000,0,0,0,2,0,3,0,1,1,32872
UV37,Simulated Water Temperature,10/1/1920,9/30/2010,0.00000,0.00000,0.00000,0.00000,0.00000,0,0,0,2,0,3,0,1,1,32872
UV46,Simulated Water Temperature,10/1/1920,9/30/2010,0.00000,0.00000,0.00000,0.00000,0.00000,0,0,0,2,0,3,0,1,1,32872
UV47,Simulated Water Temperature,10/1/1920,9/30/2010,0.00000,0.00000,0.00000,0.00000,0.00000,0,0,0,2,0,3,0,1,1,32872
UV16,Simulated Water Temperature,10/1/1920,9/30/2010,0.00000,0.00000,0.00000,0.00000,0.00000,0,0,0,2,0,3,0,1,1,32872
DD_628,Simulated Water Temperature,10/1/1920,9/30/2010,0.00000,0.00000,0.00000,0.00000,0.00000,0,0,0,2,0,3,0,1,1,32872
Node_555,Simulated Water Temperature,10/1/1920,9/30/2010,0.00000,0.00000,0.00000,0.00000,0.00000,0,0,0,2,0,3,0,1,1,32872
Node_631,Simulated Water Temperature,10/1/1920,9/30/2010,0.00000,0.00000,0.00000,0.00000,0.00000,0,0,0,2,0,3,0,1,1,32872
UV43,Simulated Water Temperature,10/1/1920,9/30/2010,0.00000,0.00000,0.00000,0.00000,0.00000,0,0,0,2,0,3,0,1,1,32872
UV8,Simulated Water Temperature,10/1/1920,9/30/2010,0.00000,0.00000,0.00000,0.00000,0.00000,0,0,0,2,0,3,0,1,1,32872
DD_381,Simulated Water Temperature,10/1/1920,9/30/2010,0.00000,0.00000,0.00000,0.00000,0.00000,0,0,0,2,0,3,0,1,1,32872
Node_904,Simulated Water Temperature,10/1/1920,9/30/2010,0.00000,0.00000,0.00000,0.00000,0.00000,0,0,0,2,0,3,0,1,1,32872
UV33,Simulated Water Temperature,10/1/1920,9/30/2010,0.00000,0.00000,0.00000,0.00000,0.00000,0,0,0,2,0,3,0,1,1,32872
UV2,Simulated Water Temperature,10/1/1920,9/30/2010,0.00000,0.00000,0.00000,0.00000,0.00000,0,0,0,2,0,3,0,1,1,32872
DD_200,Simulated Water Temperature,10/1/1920,9/30/2010,0.00000,0.00000,0.00000,0.00000,0.00000,0,0,0,2,0,3,0,1,1,32872
Node_100,Simulated Water Temperature,10/1/1920,9/30/2010,0.00000,0.00000,0.00000,0.00000,0.00000,0,0,0,2,0,3,0,1,1,32872
UV38,Simulated Water Temperature,10/1/1920,9/30/2010,0.00000,0.00000,0.00000,0.00000,0.00000,0,0,0,2,0,3,0,1,1,32872
UV88,Simulated Water Temperature,10/1/1920,9/30/2010,0.00000,0.00000,0.00000,0.00000,0.00000,0,0,0,2,0,3,0,1,1,32872
UV18,Simulated Water Temperature,10/1/1920,9/30/2010,0.00000,0.00000,0.00000,0.00000,0.00000,0,0,0,2,0,3,0,1,1,32872
DD_557,Simulated Water Temperature,10/1/1920,9/30/2010,0.00000,0.00000,0.00000,0.00000,0.00000,0,0,0,2,0,3,0,1,1,32872
Node_560,Simulated Water Temperature,10/1/1920,9/30/2010,0.00000,0.00000,0.00000,0.00000,0.00000,0,0,0,2,0,3,0,1,1,32872
Node_634,Simulated Water Temperature,10/1/1920,9/30/2010,0.00000,0.00000,0.00000,0.00000,0.00000,0,0,0,2,0,3,0,1,1,32872
Node_633,Simulated Water Temperature,10/1/1920,9/30/2010,0.00000,0.00000,0.00000,0.00000,0.00000,0,0,0,2,0,3,0,1,1,32872
End,Simulated Water Temperature,10/1/1920,9/30/2010,0.00000,0.00000,0.00000,0.00000,0.00000,0,0,0,2,0,3,0,1,1,32872
UV7,Simulated Water Temperature,10/1/1920,9/30/2010,0.00000,0.00000,0.00000,0.00000,0.00000,0,0,0,2,0,3,0,1,1,32872
Node_372,Simulated Water Temperature,10/1/1920,9/30/2010,0.00000,0.00000,0.00000,0.00000,0.00000,0,0,0,2,0,3,0,1,1,32872
UV34,Simulated Water Temperature,10/1/1920,9/30/2010,0.00000,0.00000,0.00000,0.00000,0.00000,0,0,0,2,0,3,0,1,1,32872
UV10,Simulated Water Temperature,10/1/1920,9/30/2010,0.00000,0.00000,0.00000,0.00000,0.00000,0,0,0,2,0,3,0,1,1,32872
UV17,Simulated Water Temperature,10/1/1920,9/30/2010,0.00000,0.00000,0.00000,0.00000,0.00000,0,0,0,2,0,3,0,1,1,32872
Node_562,Simulated Water Temperature,10/1/1920,9/30/2010,0.00000,0.00000,0.00000,0.00000,0.00000,0,0,0,2,0,3,0,1,1,32872
UV19,Simulated Water Temperature,10/1/1920,9/30/2010,0.00000,0.00000,0.00000,0.00000,0.00000,0,0,0,2,0,3,0,1,1,32872
DD_639,Simulated Water Temperature,10/1/1920,9/30/2010,0.00000,0.00000,0.00000,0.00000,0.00000,0,0,0,2,0,3,0,1,1,32872
Node_637,Simulated Water Temperature,10/1/1920,9/30/2010,0.00000,0.00000,0.00000,0.00000,0.00000,0,0,0,2,0,3,0,1,1,32872
Node_641,Simulated Water Temperature,10/1/1920,9/30/2010,0.00000,0.00000,0.00000,0.00000,0.00000,0,0,0,2,0,3,0,1,1,32872
End_Barr,Simulated Water Temperature,10/1/1920,9/30/2010,0.00000,0.00000,0.00000,0.00000,0.00000,0,0,0,2,0,3,0,1,1,32872
UV22,Simulated Water Temperature,10/1/1920,9/30/2010,0.00000,0.00000,0.00000,0.00000,0.00000,0,0,0,2,0,3,0,1,1,32872
UV48,Simulated Water Temperature,10/1/1920,9/30/2010,0.00000,0.00000,0.00000,0.00000,0.00000,0,0,0,2,0,3,0,1,1,32872
Vaal_Barr,Simulated Water Temperature,10/1/1920,9/30/2010,0.00000,0.00000,0.00000,0.00000,0.00000,0,0,0,2,0,3,0,1,1,32872
Node_B27,Simulated Water Temperature,10/1/1920,9/30/2010,0.00000,0.00000,0.00000,0.00000,0.00000,0,0,0,2,0,3,0,1,1,32872
UV5,Simulated Water Temperature,10/1/1920,9/30/2010,0.00000,0.00000,0.00000,0.00000,0.00000,0,0,0,2,0,3,0,1,1,32872
Node_373,Simulated Water Temperature,10/1/1920,9/30/2010,0.00000,0.00000,0.00000,0.00000,0.00000,0,0,0,2,0,3,0,1,1,32872
Node_374,Simulated Water Temperature,10/1/1920,9/30/2010,0.00000,0.00000,0.00000,0.00000,0.00000,0,0,0,2,0,3,0,1,1,32872
Node_903,Simulated Water Temperature,10/1/1920,9/30/2010,0.00000,0.00000,0.00000,0.00000,0.00000,0,0,0,2,0,3,0,1,1,32872
UV9,Simulated Water Temperature,10/1/1920,9/30/2010,0.00000,0.00000,0.00000,0.00000,0.00000,0,0,0,2,0,3,0,1,1,32872
Node_392,Simulated Water Temperature,10/1/1920,9/30/2010,0.00000,0.00000,0.00000,0.00000,0.00000,0,0,0,2,0,3,0,1,1,32872
UV4,Simulated Water Temperature,10/1/1920,9/30/2010,0.00000,0.00000,0.00000,0.00000,0.00000,0,0,0,2,0,3,0,1,1,32872
UV23,Simulated Water Temperature,10/1/1920,9/30/2010,0.00000,0.00000,0.00000,0.00000,0.00000,0,0,0,2,0,3,0,1,1,32872
Node_1793,Simulated Water Temperature,10/1/1920,9/30/2010,0.00000,0.00000,0.00000,0.00000,0.00000,0,0,0,2,0,3,0,1,1,32872
UV11,Simulated Water Temperature,10/1/1920,9/30/2010,0.00000,0.00000,0.00000,0.00000,0.00000,0,0,0,2,0,3,0,1,1,32872
Groot_Dam,Simulated Water Temperature,10/1/1920,9/30/2010,0.00000,0.00000,0.00000,0.00000,0.00000,0,0,0,2,0,3,0,1,1,32872
Node_402,Simulated Water Temperature,10/1/1920,9/30/2010,0.00000,0.00000,0.00000,0.00000,0.00000,0,0,0,2,0,3,0,1,1,32872
UV45,Simulated Water Temperature,10/1/1920,9/30/2010,0.00000,0.00000,0.00000,0.00000,0.00000,0,0,0,2,0,3,0,1,1,32872
UV3,Simulated Water Temperature,10/1/1920,9/30/2010,0.00000,0.00000,0.00000,0.00000,0.00000,0,0,0,2,0,3,0,1,1,32872
UV12,Simulated Water Temperature,10/1/1920,9/30/2010,0.00000,0.00000,0.00000,0.00000,0.00000,0,0,0,2,0,3,0,1,1,32872
Node_412,Simulated Water Temperature,10/1/1920,9/30/2010,0.00000,0.00000,0.00000,0.00000,0.00000,0,0,0,2,0,3,0,1,1,32872
Node_2,Simulated Water Temperature,10/1/1920,9/30/2010,0.00000,0.00000,0.00000,0.00000,0.00000,0,0,0,2,0,3,0,1,1,32872
UV14,Simulated Water Temperature,10/1/1920,9/30/2010,0.00000,0.00000,0.00000,0.00000,0.00000,0,0,0,2,0,3,0,1,1,32872
Node_205,Simulated Water Temperature,10/1/1920,9/30/2010,0.00000,0.00000,0.00000,0.00000,0.00000,0,0,0,2,0,3,0,1,1,32872
Node_908,Simulated Water Temperature,10/1/1920,9/30/2010,0.00000,0.00000,0.00000,0.00000,0.00000,0,0,0,2,0,3,0,1,1,32872
Node_563,Simulated Water Temperature,10/1/1920,9/30/2010,0.00000,0.00000,0.00000,0.00000,0.00000,0,0,0,2,0,3,0,1,1,32872
UV20,Simulated Water Temperature,10/1/1920,9/30/2010,0.00000,0.00000,0.00000,0.00000,0.00000,0,0,0,2,0,3,0,1,1,32872
Node_206,Simulated Water Temperature,10/1/1920,9/30/2010,0.00000,0.00000,0.00000,0.00000,0.00000,0,0,0,2,0,3,0,1,1,32872
Node_913,Simulated Water Temperature,10/1/1920,9/30/2010,0.00000,0.00000,0.00000,0.00000,0.00000,0,0,0,2,0,3,0,1,1,32872
UV80,Simulated Water Temperature,10/1/1920,9/30/2010,0.00000,0.00000,0.00000,0.00000,0.00000,0,0,0,2,0,3,0,1,1,32872
Vaal_Dam,Simulated Water Temperature,10/1/1920,9/30/2010,0.00000,0.00000,0.00000,0.00000,0.00000,0,0,0,2,0,3,0,1,1,32872
DD_544,Simulated Water Temperature,10/1/1920,9/30/2010,0.00000,0.00000,0.00000,0.00000,0.00000,0,0,0,2,0,3,0,1,1,32872
Node_915,Simulated Water Temperature,10/1/1920,9/30/2010,0.00000,0.00000,0.00000,0.00000,0.00000,0,0,0,2,0,3,0,1,1,32872
UV15,Simulated Water Temperature,10/1/1920,9/30/2010,0.00000,0.00000,0.00000,0.00000,0.00000,0,0,0,2,0,3,0,1,1,32872
UV21,Simulated Water Temperature,10/1/1920,9/30/2010,0.00000,0.00000,0.00000,0.00000,0.00000,0,0,0,2,0,3,0,1,1,32872
UV31,Simulated Water Temperature,10/1/1920,9/30/2010,0.00000,0.00000,0.00000,0.00000,0.00000,0,0,0,2,0,3,0,1,1,32872
UV79,Simulated Water Temperature,10/1/1920,9/30/2010,0.00000,0.00000,0.00000,0.00000,0.00000,0,0,0,2,0,3,0,1,1,32872
UV29,Simulated Water Temperature,10/1/1920,9/30/2010,0.00000,0.00000,0.00000,0.00000,0.00000,0,0,0,2,0,3,0,1,1,32872
Node_902,Simulated Water Temperature,10/1/1920,9/30/2010,0.00000,0.00000,0.00000,0.00000,0.00000,0,0,0,2,0,3,0,1,1,32872
UV25,Simulated Water Temperature,10/1/1920,9/30/2010,0.00000,0.00000,0.00000,0.00000,0.00000,0,0,0,2,0,3,0,1,1,32872
DD_429,Simulated Water Temperature,10/1/1920,9/30/2010,0.00000,0.00000,0.00000,0.00000,0.00000,0,0,0,2,0,3,0,1,1,32872
Node_466,Simulated Water Temperature,10/1/1920,9/30/2010,0.00000,0.00000,0.00000,0.00000,0.00000,0,0,0,2,0,3,0,1,1,32872
Node_901,Simulated Water Temperature,10/1/1920,9/30/2010,0.00000,0.00000,0.00000,0.00000,0.00000,0,0,0,2,0,3,0,1,1,32872
Node_900,Simulated Water Temperature,10/1/1920,9/30/2010,0.00000,0.00000,0.00000,0.00000,0.00000,0,0,0,2,0,3,0,1,1,32872
UV13,Simulated Water Temperature,10/1/1920,9/30/2010,0.00000,0.00000,0.00000,0.00000,0.00000,0,0,0,2,0,3,0,1,1,32872
DD_202,Simulated Water Temperature,10/1/1920,9/30/2010,0.00000,0.00000,0.00000,0.00000,0.00000,0,0,0,2,0,3,0,1,1,32872
Node_910,Simulated Water Temperature,10/1/1920,9/30/2010,0.00000,0.00000,0.00000,0.00000,0.00000,0,0,0,2,0,3,0,1,1,32872
UV24,Simulated Water Temperature,10/1/1920,9/30/2010,0.00000,0.00000,0.00000,0.00000,0.00000,0,0,0,2,0,3,0,1,1,32872
Node_250,Simulated Water Temperature,10/1/1920,9/30/2010,0.00000,0.00000,0.00000,0.00000,0.00000,0,0,0,2,0,3,0,1,1,32872
UV77,Simulated Water Temperature,10/1/1920,9/30/2010,0.00000,0.00000,0.00000,0.00000,0.00000,0,0,0,2,0,3,0,1,1,32872
Node_362,Simulated Water Temperature,10/1/1920,9/30/2010,0.00000,0.00000,0.00000,0.00000,0.00000,0,0,0,2,0,3,0,1,1,32872
UV68,Simulated Water Temperature,10/1/1920,9/30/2010,0.00000,0.00000,0.00000,0.00000,0.00000,0,0,0,2,0,3,0,1,1,32872
Node_574,Simulated Water Temperature,10/1/1920,9/30/2010,0.00000,0.00000,0.00000,0.00000,0.00000,0,0,0,2,0,3,0,1,1,32872
Node_577,Simulated Water Temperature,10/1/1920,9/30/2010,0.00000,0.00000,0.00000,0.00000,0.00000,0,0,0,2,0,3,0,1,1,32872
UV78,Simulated Water Temperature,10/1/1920,9/30/2010,0.00000,0.00000,0.00000,0.00000,0.00000,0,0,0,2,0,3,0,1,1,32872
UV27,Simulated Water Temperature,10/1/1920,9/30/2010,0.00000,0.00000,0.00000,0.00000,0.00000,0,0,0,2,0,3,0,1,1,32872
Node_498,Simulated Water Temperature,10/1/1920,9/30/2010,0.00000,0.00000,0.00000,0.00000,0.00000,0,0,0,2,0,3,0,1,1,32872
UV76,Simulated Water Temperature,10/1/1920,9/30/2010,0.00000,0.00000,0.00000,0.00000,0.00000,0,0,0,2,0,3,0,1,1,32872
Node_491,Simulated Water Temperature,10/1/1920,9/30/2010,0.00000,0.00000,0.00000,0.00000,0.00000,0,0,0,2,0,3,0,1,1,32872
UV30,Simulated Water Temperature,10/1/1920,9/30/2010,0.00000,0.00000,0.00000,0.00000,0.00000,0,0,0,2,0,3,0,1,1,32872
UV66,Simulated Water Temperature,10/1/1920,9/30/2010,0.00000,0.00000,0.00000,0.00000,0.00000,0,0,0,2,0,3,0,1,1,32872
UV28,Simulated Water Temperature,10/1/1920,9/30/2010,0.00000,0.00000,0.00000,0.00000,0.00000,0,0,0,2,0,3,0,1,1,32872
UV67,Simulated Water Temperature,10/1/1920,9/30/2010,0.00000,0.00000,0.00000,0.00000,0.00000,0,0,0,2,0,3,0,1,1,32872
DD_570,Simulated Water Temperature,10/1/1920,9/30/2010,0.00000,0.00000,0.00000,0.00000,0.00000,0,0,0,2,0,3,0,1,1,32872
UV75,Simulated Water Temperature,10/1/1920,9/30/2010,0.00000,0.00000,0.00000,0.00000,0.00000,0,0,0,2,0,3,0,1,1,32872
UV26,Simulated Water Temperature,10/1/1920,9/30/2010,0.00000,0.00000,0.00000,0.00000,0.00000,0,0,0,2,0,3,0,1,1,32872
UV74,Simulated Water Temperature,10/1/1920,9/30/2010,0.00000,0.00000,0.00000,0.00000,0.00000,0,0,0,2,0,3,0,1,1,32872
Node_490,Simulated Water Temperature,10/1/1920,9/30/2010,0.00000,0.00000,0.00000,0.00000,0.00000,0,0,0,2,0,3,0,1,1,32872
UV65,Simulated Water Temperature,10/1/1920,9/30/2010,0.00000,0.00000,0.00000,0.00000,0.00000,0,0,0,2,0,3,0,1,1,32872
UV64,Simulated Water Temperature,10/1/1920,9/30/2010,0.00000,0.00000,0.00000,0.00000,0.00000,0,0,0,2,0,3,0,1,1,32872
UV63,Simulated Water Temperature,10/1/1920,9/30/2010,0.00000,0.00000,0.00000,0.00000,0.00000,0,0,0,2,0,3,0,1,1,32872
Node_568,Simulated Water Temperature,10/1/1920,9/30/2010,0.00000,0.00000,0.00000,0.00000,0.00000,0,0,0,2,0,3,0,1,1,32872
UV62,Simulated Water Temperature,10/1/1920,9/30/2010,0.00000,0.00000,0.00000,0.00000,0.00000,0,0,0,2,0,3,0,1,1,32872
UV61,Simulated Water Temperature,10/1/1920,9/30/2010,0.00000,0.00000,0.00000,0.00000,0.00000,0,0,0,2,0,3,0,1,1,32872
UV73,Simulated Water Temperature,10/1/1920,9/30/2010,0.00000,0.00000,0.00000,0.00000,0.00000,0,0,0,2,0,3,0,1,1,32872
UV59,Simulated Water Temperature,10/1/1920,9/30/2010,0.00000,0.00000,0.00000,0.00000,0.00000,0,0,0,2,0,3,0,1,1,32872
UV71,Simulated Water Temperature,10/1/1920,9/30/2010,0.00000,0.00000,0.00000,0.00000,0.00000,0,0,0,2,0,3,0,1,1,32872
Node_907,Simulated Water Temperature,10/1/1920,9/30/2010,0.00000,0.00000,0.00000,0.00000,0.00000,0,0,0,2,0,3,0,1,1,32872
UV60,Simulated Water Temperature,10/1/1920,9/30/2010,0.00000,0.00000,0.00000,0.00000,0.00000,0,0,0,2,0,3,0,1,1,32872
UV58,Simulated Water Temperature,10/1/1920,9/30/2010,0.00000,0.00000,0.00000,0.00000,0.00000,0,0,0,2,0,3,0,1,1,32872
Node_204,Simulated Water Temperature,10/1/1920,9/30/2010,0.00000,0.00000,0.00000,0.00000,0.00000,0,0,0,2,0,3,0,1,1,32872
UV72,Simulated Water Temperature,10/1/1920,9/30/2010,0.00000,0.00000,0.00000,0.00000,0.00000,0,0,0,2,0,3,0,1,1,32872
UV49,Simulated Water Temperature,10/1/1920,9/30/2010,0.00000,0.00000,0.00000,0.00000,0.00000,0,0,0,2,0,3,0,1,1,32872
UV57,Simulated Water Temperature,10/1/1920,9/30/2010,0.00000,0.00000,0.00000,0.00000,0.00000,0,0,0,2,0,3,0,1,1,32872
UV53,Simulated Water Temperature,10/1/1920,9/30/2010,0.00000,0.00000,0.00000,0.00000,0.00000,0,0,0,2,0,3,0,1,1,32872
Node_905,Simulated Water Temperature,10/1/1920,9/30/2010,0.00000,0.00000,0.00000,0.00000,0.00000,0,0,0,2,0,3,0,1,1,32872
Node_203,Simulated Water Temperature,10/1/1920,9/30/2010,0.00000,0.00000,0.00000,0.00000,0.00000,0,0,0,2,0,3,0,1,1,32872
DD_201,Simulated Water Temperature,10/1/1920,9/30/2010,0.00000,0.00000,0.00000,0.00000,0.00000,0,0,0,2,0,3,0,1,1,32872
UV56,Simulated Water Temperature,10/1/1920,9/30/2010,0.00000,0.00000,0.00000,0.00000,0.00000,0,0,0,2,0,3,0,1,1,32872
UV50,Simulated Water Temperature,10/1/1920,9/30/2010,0.00000,0.00000,0.00000,0.00000,0.00000,0,0,0,2,0,3,0,1,1,32872
UV69,Simulated Water Temperature,10/1/1920,9/30/2010,0.00000,0.00000,0.00000,0.00000,0.00000,0,0,0,2,0,3,0,1,1,32872
Saulspoor,Simulated Water Temperature,10/1/1920,9/30/2010,0.00000,0.00000,0.00000,0.00000,0.00000,0,0,0,2,0,3,0,1,1,32872
Node_916,Simulated Water Temperature,10/1/1920,9/30/2010,0.00000,0.00000,0.00000,0.00000,0.00000,0,0,0,2,0,3,0,1,1,32872
UV70,Simulated Water Temperature,10/1/1920,9/30/2010,0.00000,0.00000,0.00000,0.00000,0.00000,0,0,0,2,0,3,0,1,1,32872
UV55,Simulated Water Temperature,10/1/1920,9/30/2010,0.00000,0.00000,0.00000,0.00000,0.00000,0,0,0,2,0,3,0,1,1,32872
UV51,Simulated Water Temperature,10/1/1920,9/30/2010,0.00000,0.00000,0.00000,0.00000,0.00000,0,0,0,2,0,3,0,1,1,32872
UV54,Simulated Water Temperature,10/1/1920,9/30/2010,0.00000,0.00000,0.00000,0.00000,0.00000,0,0,0,2,0,3,0,1,1,32872
UV81,Simulated Water Temperature,10/1/1920,9/30/2010,0.00000,0.00000,0.00000,0.00000,0.00000,0,0,0,2,0,3,0,1,1,32872
UV82,Simulated Water Temperature,10/1/1920,9/30/2010,0.00000,0.00000,0.00000,0.00000,0.00000,0,0,0,2,0,3,0,1,1,32872
DD_19,Simulated Water Temperature,10/1/1920,9/30/2010,0.00000,0.00000,0.00000,0.00000,0.00000,0,0,0,2,0,3,0,1,1,32872
Node_B20,Simulated Water Temperature,10/1/1920,9/30/2010,0.00000,0.00000,0.00000,0.00000,0.00000,0,0,0,2,0,3,0,1,1,32872
Node_B21,Simulated Water Temperature,10/1/1920,9/30/2010,0.00000,0.00000,0.00000,0.00000,0.00000,0,0,0,2,0,3,0,1,1,32872
Node_B22,Simulated Water Temperature,10/1/1920,9/30/2010,0.00000,0.00000,0.00000,0.00000,0.00000,0,0,0,2,0,3,0,1,1,32872
Node_B23,Simulated Water Temperature,10/1/1920,9/30/2010,0.00000,0.00000,0.00000,0.00000,0.00000,0,0,0,2,0,3,0,1,1,32872
DD_24,Simulated Water Temperature,10/1/1920,9/30/2010,0.00000,0.00000,0.00000,0.00000,0.00000,0,0,0,2,0,3,0,1,1,32872
Node_B31,Simulated Water Temperature,10/1/1920,9/30/2010,0.00000,0.00000,0.00000,0.00000,0.00000,0,0,0,2,0,3,0,1,1,32872
Node_B32,Simulated Water Temperature,10/1/1920,9/30/2010,0.00000,0.00000,0.00000,0.00000,0.00000,0,0,0,2,0,3,0,1,1,32872
DD_26,Simulated Water Temperature,10/1/1920,9/30/2010,0.00000,0.00000,0.00000,0.00000,0.00000,0,0,0,2,0,3,0,1,1,32872
Node_B16,Simulated Water Temperature,10/1/1920,9/30/2010,0.00000,0.00000,0.00000,0.00000,0.00000,0,0,0,2,0,3,0,1,1,32872
Node_B25,Simulated Water Temperature,10/1/1920,9/30/2010,0.00000,0.00000,0.00000,0.00000,0.00000,0,0,0,2,0,3,0,1,1,32872
DD_1,Simulated Water Temperature,10/1/1920,9/30/2010,0.00000,0.00000,0.00000,0.00000,0.00000,0,0,0,2,0,3,0,1,1,32872
Node_B5,Simulated Water Temperature,10/1/1920,9/30/2010,0.00000,0.00000,0.00000,0.00000,0.00000,0,0,0,2,0,3,0,1,1,32872
Node_B2,Simulated Water Temperature,10/1/1920,9/30/2010,0.00000,0.00000,0.00000,0.00000,0.00000,0,0,0,2,0,3,0,1,1,32872
Node_B3,Simulated Water Temperature,10/1/1920,9/30/2010,0.00000,0.00000,0.00000,0.00000,0.00000,0,0,0,2,0,3,0,1,1,32872
Node_B4,Simulated Water Temperature,10/1/1920,9/30/2010,0.00000,0.00000,0.00000,0.00000,0.00000,0,0,0,2,0,3,0,1,1,32872
DD_6,Simulated Water Temperature,10/1/1920,9/30/2010,0.00000,0.00000,0.00000,0.00000,0.00000,0,0,0,2,0,3,0,1,1,32872
Node_B7,Simulated Water Temperature,10/1/1920,9/30/2010,0.00000,0.00000,0.00000,0.00000,0.00000,0,0,0,2,0,3,0,1,1,32872
DD_8,Simulated Water Temperature,10/1/1920,9/30/2010,0.00000,0.00000,0.00000,0.00000,0.00000,0,0,0,2,0,3,0,1,1,32872
UV83,Simulated Water Temperature,10/1/1920,9/30/2010,0.00000,0.00000,0.00000,0.00000,0.00000,0,0,0,2,0,3,0,1,1,32872
DD_12,Simulated Water Temperature,10/1/1920,9/30/2010,0.00000,0.00000,0.00000,0.00000,0.00000,0,0,0,2,0,3,0,1,1,32872
Node_B9,Simulated Water Temperature,10/1/1920,9/30/2010,0.00000,0.00000,0.00000,0.00000,0.00000,0,0,0,2,0,3,0,1,1,32872
Node_B10,Simulated Water Temperature,10/1/1920,9/30/2010,0.00000,0.00000,0.00000,0.00000,0.00000,0,0,0,2,0,3,0,1,1,32872
Node_B11,Simulated Water Temperature,10/1/1920,9/30/2010,0.00000,0.00000,0.00000,0.00000,0.00000,0,0,0,2,0,3,0,1,1,32872
DD_17,Simulated Water Temperature,10/1/1920,9/30/2010,0.00000,0.00000,0.00000,0.00000,0.00000,0,0,0,2,0,3,0,1,1,32872
Node_B13,Simulated Water Temperature,10/1/1920,9/30/2010,0.00000,0.00000,0.00000,0.00000,0.00000,0,0,0,2,0,3,0,1,1,32872
Node_B14,Simulated Water Temperature,10/1/1920,9/30/2010,0.00000,0.00000,0.00000,0.00000,0.00000,0,0,0,2,0,3,0,1,1,32872
Node_B15,Simulated Water Temperature,10/1/1920,9/30/2010,0.00000,0.00000,0.00000,0.00000,0.00000,0,0,0,2,0,3,0,1,1,32872
DD_18,Simulated Water Temperature,10/1/1920,9/30/2010,0.00000,0.00000,0.00000,0.00000,0.00000,0,0,0,2,0,3,0,1,1,32872
Node_B28,Simulated Water Temperature,10/1/1920,9/30/2010,0.00000,0.00000,0.00000,0.00000,0.00000,0,0,0,2,0,3,0,1,1,32872
Node_B29,Simulated Water Temperature,10/1/1920,9/30/2010,0.00000,0.00000,0.00000,0.00000,0.00000,0,0,0,2,0,3,0,1,1,32872
DD_30,Simulated Water Temperature,10/1/1920,9/30/2010,0.00000,0.00000,0.00000,0.00000,0.00000,0,0,0,2,0,3,0,1,1,32872
UV84,Simulated Water Temperature,10/1/1920,9/30/2010,0.00000,0.00000,0.00000,0.00000,0.00000,0,0,0,2,0,3,0,1,1,32872
UV85,Simulated Water Temperature,10/1/1920,9/30/2010,0.00000,0.00000,0.00000,0.00000,0.00000,0,0,0,2,0,3,0,1,1,32872
UV86,Simulated Water Temperature,10/1/1920,9/30/2010,0.00000,0.00000,0.00000,0.00000,0.00000,0,0,0,2,0,3,0,1,1,32872
UV87,Simulated Water Temperature,10/1/1920,9/30/2010,0.00000,0.00000,0.00000,0.00000,0.00000,0,0,0,2,0,3,0,1,1,32872
