UV35,Simulated Ammonia,10/1/1920,9/30/2010,0.00000,0.00000,0.00000,0.00000,0.00000,0,0,0,2,0,3,0,0,1,32872
UV39,Simulated Ammonia,10/1/1920,9/30/2010,0.00000,0.00000,0.00000,0.00000,0.00000,0,0,0,2,0,3,0,0,1,32872
UV40,Simulated Ammonia,10/1/1920,9/30/2010,0.00000,0.00000,0.00000,0.00000,0.00000,0,0,0,2,0,3,0,0,1,32872
UV36,Simulated Ammonia,10/1/1920,9/30/2010,0.00000,0.00000,0.00000,0.00000,0.00000,0,0,0,2,0,3,0,0,1,32872
UV41,Simulated Ammonia,10/1/1920,9/30/2010,0.00000,0.00000,0.00000,0.00000,0.00000,0,0,0,2,0,3,0,0,1,32872
UV42,Simulated Ammonia,10/1/1920,9/30/2010,0.00000,0.00000,0.00000,0.00000,0.00000,0,0,0,2,0,3,0,0,1,32872
UV1,Simulated Ammonia,10/1/1920,9/30/2010,0.00000,0.00000,0.00000,0.00000,0.00000,0,0,0,2,0,3,1,8,1,32872
Node_287,Simulated Ammonia,10/1/1920,9/30/2010,0.00000,0.00000,0.00000,0.00000,0.00000,0,0,0,2,0,3,1,8,1,32872
UV32,Simulated Ammonia,10/1/1920,9/30/2010,0.00000,0.00000,0.00000,0.00000,0.00000,0,0,0,2,0,3,0,0,1,32872
UV6,Simulated Ammonia,10/1/1920,9/30/2010,0.00000,0.00000,0.00000,0.00000,0.00000,0,0,0,2,0,3,1,8,1,32872
Node_34,Simulated Ammonia,10/1/1920,9/30/2010,0.00000,0.00000,0.00000,0.00000,0.00000,0,0,0,2,0,3,1,8,1,32872
UV37,Simulated Ammonia,10/1/1920,9/30/2010,0.00000,0.00000,0.00000,0.00000,0.00000,0,0,0,2,0,3,0,0,1,32872
UV46,Simulated Ammonia,10/1/1920,9/30/2010,0.00000,0.00000,0.00000,0.00000,0.00000,0,0,0,2,0,3,0,0,1,32872
UV47,Simulated Ammonia,10/1/1920,9/30/2010,0.00000,0.00000,0.00000,0.00000,0.00000,0,0,0,2,0,3,0,0,1,32872
UV16,Simulated Ammonia,10/1/1920,9/30/2010,0.00000,0.00000,0.00000,0.00000,0.00000,0,0,0,2,0,3,1,8,1,32872
DD_628,Simulated Ammonia,10/1/1920,9/30/2010,0.00000,0.00000,0.00000,0.00000,0.00000,0,0,0,2,0,3,1,8,1,32872
Node_555,Simulated Ammonia,10/1/1920,9/30/2010,0.00000,0.00000,0.00000,0.00000,0.00000,0,0,0,2,0,3,1,8,1,32872
Node_631,Simulated Ammonia,10/1/1920,9/30/2010,0.00000,0.00000,0.00000,0.00000,0.00000,0,0,0,2,0,3,1,8,1,32872
UV43,Simulated Ammonia,10/1/1920,9/30/2010,0.00000,0.00000,0.00000,0.00000,0.00000,0,0,0,2,0,3,0,0,1,32872
UV8,Simulated Ammonia,10/1/1920,9/30/2010,0.00000,0.00000,0.00000,0.00000,0.00000,0,0,0,2,0,3,1,8,1,32872
DD_381,Simulated Ammonia,10/1/1920,9/30/2010,0.00000,0.00000,0.00000,0.00000,0.00000,0,0,0,2,0,3,1,8,1,32872
Node_904,Simulated Ammonia,10/1/1920,9/30/2010,0.00000,0.00000,0.00000,0.00000,0.00000,0,0,0,2,0,3,1,8,1,32872
UV33,Simulated Ammonia,10/1/1920,9/30/2010,0.00000,0.00000,0.00000,0.00000,0.00000,0,0,0,2,0,3,0,0,1,32872
UV2,Simulated Ammonia,10/1/1920,9/30/2010,0.00000,0.00000,0.00000,0.00000,0.00000,0,0,0,2,0,3,1,8,1,32872
DD_200,Simulated Ammonia,10/1/1920,9/30/2010,0.00000,0.00000,0.00000,0.00000,0.00000,0,0,0,2,0,3,1,8,1,32872
Node_100,Simulated Ammonia,10/1/1920,9/30/2010,0.00000,0.00000,0.00000,0.00000,0.00000,0,0,0,2,0,3,1,8,1,32872
UV38,Simulated Ammonia,10/1/1920,9/30/2010,0.00000,0.00000,0.00000,0.00000,0.00000,0,0,0,2,0,3,0,0,1,32872
UV88,Simulated Ammonia,10/1/1920,9/30/2010,0.00000,0.00000,0.00000,0.00000,0.00000,0,0,0,2,0,3,0,0,1,32872
UV18,Simulated Ammonia,10/1/1920,9/30/2010,0.00000,0.00000,0.00000,0.00000,0.00000,0,0,0,2,0,3,1,8,1,32872
DD_557,Simulated Ammonia,10/1/1920,9/30/2010,0.00000,0.00000,0.00000,0.00000,0.00000,0,0,0,2,0,3,1,8,1,32872
Node_560,Simulated Ammonia,10/1/1920,9/30/2010,0.00000,0.00000,0.00000,0.00000,0.00000,0,0,0,2,0,3,1,8,1,32872
Node_634,Simulated Ammonia,10/1/1920,9/30/2010,0.00000,0.00000,0.00000,0.00000,0.00000,0,0,0,2,0,3,1,8,1,32872
Node_633,Simulated Ammonia,10/1/1920,9/30/2010,0.00000,0.00000,0.00000,0.00000,0.00000,0,0,0,2,0,3,1,8,1,32872
End,Simulated Ammonia,10/1/1920,9/30/2010,0.00000,0.00000,0.00000,0.00000,0.00000,0,0,0,2,0,3,1,8,1,32872
UV7,Simulated Ammonia,10/1/1920,9/30/2010,0.00000,0.00000,0.00000,0.00000,0.00000,0,0,0,2,0,3,1,8,1,32872
Node_372,Simulated Ammonia,10/1/1920,9/30/2010,0.00000,0.00000,0.00000,0.00000,0.00000,0,0,0,2,0,3,1,8,1,32872
UV34,Simulated Ammonia,10/1/1920,9/30/2010,0.00000,0.00000,0.00000,0.00000,0.00000,0,0,0,2,0,3,0,0,1,32872
UV10,Simulated Ammonia,10/1/1920,9/30/2010,0.00000,0.00000,0.00000,0.00000,0.00000,0,0,0,2,0,3,1,8,1,32872
UV17,Simulated Ammonia,10/1/1920,9/30/2010,0.00000,0.00000,0.00000,0.00000,0.00000,0,0,0,2,0,3,1,8,1,32872
Node_562,Simulated Ammonia,10/1/1920,9/30/2010,0.00000,0.00000,0.00000,0.00000,0.00000,0,0,0,2,0,3,1,8,1,32872
UV19,Simulated Ammonia,10/1/1920,9/30/2010,0.00000,0.00000,0.00000,0.00000,0.00000,0,0,0,2,0,3,1,8,1,32872
DD_639,Simulated Ammonia,10/1/1920,9/30/2010,0.00000,0.00000,0.00000,0.00000,0.00000,0,0,0,2,0,3,1,8,1,32872
Node_637,Simulated Ammonia,10/1/1920,9/30/2010,0.00000,0.00000,0.00000,0.00000,0.00000,0,0,0,2,0,3,1,8,1,32872
Node_641,Simulated Ammonia,10/1/1920,9/30/2010,0.00000,0.00000,0.00000,0.00000,0.00000,0,0,0,2,0,3,1,8,1,32872
End_Barr,Simulated Ammonia,10/1/1920,9/30/2010,0.00000,0.00000,0.00000,0.00000,0.00000,0,0,0,2,0,3,0,0,1,32872
UV22,Simulated Ammonia,10/1/1920,9/30/2010,0.00000,0.00000,0.00000,0.00000,0.00000,0,0,0,2,0,3,1,8,1,32872
UV48,Simulated Ammonia,10/1/1920,9/30/2010,0.00000,0.00000,0.00000,0.00000,0.00000,0,0,0,2,0,3,0,0,1,32872
Vaal_Barr,Simulated Ammonia,10/1/1920,9/30/2010,0.00000,0.00000,0.00000,0.00000,0.00000,0,0,0,2,0,3,0,0,1,32872
Node_B27,Simulated Ammonia,10/1/1920,9/30/2010,0.00000,0.00000,0.00000,0.00000,0.00000,0,0,0,2,0,3,0,0,1,32872
UV5,Simulated Ammonia,10/1/1920,9/30/2010,0.00000,0.00000,0.00000,0.00000,0.00000,0,0,0,2,0,3,1,8,1,32872
Node_373,Simulated Ammonia,10/1/1920,9/30/2010,0.00000,0.00000,0.00000,0.00000,0.00000,0,0,0,2,0,3,1,8,1,32872
Node_374,Simulated Ammonia,10/1/1920,9/30/2010,0.00000,0.00000,0.00000,0.00000,0.00000,0,0,0,2,0,3,1,8,1,32872
Node_903,Simulated Ammonia,10/1/1920,9/30/2010,0.00000,0.00000,0.00000,0.00000,0.00000,0,0,0,2,0,3,1,8,1,32872
UV9,Simulated Ammonia,10/1/1920,9/30/2010,0.00000,0.00000,0.00000,0.00000,0.00000,0,0,0,2,0,3,1,8,1,32872
Node_392,Simulated Ammonia,10/1/1920,9/30/2010,0.00000,0.00000,0.00000,0.00000,0.00000,0,0,0,2,0,3,1,8,1,32872
UV4,Simulated Ammonia,10/1/1920,9/30/2010,0.00000,0.00000,0.00000,0.00000,0.00000,0,0,0,2,0,3,1,8,1,32872
UV23,Simulated Ammonia,10/1/1920,9/30/2010,0.00000,0.00000,0.00000,0.00000,0.00000,0,0,0,2,0,3,1,8,1,32872
Node_1793,Simulated Ammonia,10/1/1920,9/30/2010,0.00000,0.00000,0.00000,0.00000,0.00000,0,0,0,2,0,3,1,8,1,32872
UV11,Simulated Ammonia,10/1/1920,9/30/2010,0.00000,0.00000,0.00000,0.00000,0.00000,0,0,0,2,0,3,1,8,1,32872
Groot_Dam,Simulated Ammonia,10/1/1920,9/30/2010,0.00000,0.00000,0.00000,0.00000,0.00000,0,0,0,2,0,3,1,8,1,32872
Node_402,Simulated Ammonia,10/1/1920,9/30/2010,0.00000,0.00000,0.00000,0.00000,0.00000,0,0,0,2,0,3,1,8,1,32872
UV45,Simulated Ammonia,10/1/1920,9/30/2010,0.00000,0.00000,0.00000,0.00000,0.00000,0,0,0,2,0,3,0,0,1,32872
UV3,Simulated Ammonia,10/1/1920,9/30/2010,0.00000,0.00000,0.00000,0.00000,0.00000,0,0,0,2,0,3,1,8,1,32872
UV12,Simulated Ammonia,10/1/1920,9/30/2010,0.00000,0.00000,0.00000,0.00000,0.00000,0,0,0,2,0,3,1,8,1,32872
Node_412,Simulated Ammonia,10/1/1920,9/30/2010,0.00000,0.00000,0.00000,0.00000,0.00000,0,0,0,2,0,3,1,8,1,32872
Node_2,Simulated Ammonia,10/1/1920,9/30/2010,0.00000,0.00000,0.00000,0.00000,0.00000,0,0,0,2,0,3,1,8,1,32872
UV14,Simulated Ammonia,10/1/1920,9/30/2010,0.00000,0.00000,0.00000,0.00000,0.00000,0,0,0,2,0,3,1,8,1,32872
Node_205,Simulated Ammonia,10/1/1920,9/30/2010,0.00000,0.00000,0.00000,0.00000,0.00000,0,0,0,2,0,3,1,8,1,32872
Node_908,Simulated Ammonia,10/1/1920,9/30/2010,0.00000,0.00000,0.00000,0.00000,0.00000,0,0,0,2,0,3,1,8,1,32872
Node_563,Simulated Ammonia,10/1/1920,9/30/2010,0.00000,0.00000,0.00000,0.00000,0.00000,0,0,0,2,0,3,1,8,1,32872
UV20,Simulated Ammonia,10/1/1920,9/30/2010,0.00000,0.00000,0.00000,0.00000,0.00000,0,0,0,2,0,3,1,8,1,32872
Node_206,Simulated Ammonia,10/1/1920,9/30/2010,0.00000,0.00000,0.00000,0.00000,0.00000,0,0,0,2,0,3,1,8,1,32872
Node_913,Simulated Ammonia,10/1/1920,9/30/2010,0.00000,0.00000,0.00000,0.00000,0.00000,0,0,0,2,0,3,1,8,1,32872
UV80,Simulated Ammonia,10/1/1920,9/30/2010,0.00000,0.00000,0.00000,0.00000,0.00000,0,0,0,2,0,3,1,8,1,32872
Vaal_Dam,Simulated Ammonia,10/1/1920,9/30/2010,0.00000,0.00000,0.00000,0.00000,0.00000,0,0,0,2,0,3,1,8,1,32872
DD_544,Simulated Ammonia,10/1/1920,9/30/2010,0.00000,0.00000,0.00000,0.00000,0.00000,0,0,0,2,0,3,1,8,1,32872
Node_915,Simulated Ammonia,10/1/1920,9/30/2010,0.00000,0.00000,0.00000,0.00000,0.00000,0,0,0,2,0,3,1,8,1,32872
UV15,Simulated Ammonia,10/1/1920,9/30/2010,0.00000,0.00000,0.00000,0.00000,0.00000,0,0,0,2,0,3,1,8,1,32872
UV21,Simulated Ammonia,10/1/1920,9/30/2010,0.00000,0.00000,0.00000,0.00000,0.00000,0,0,0,2,0,3,1,8,1,32872
UV31,Simulated Ammonia,10/1/1920,9/30/2010,0.00000,0.00000,0.00000,0.00000,0.00000,0,0,0,2,0,3,1,8,1,32872
UV79,Simulated Ammonia,10/1/1920,9/30/2010,0.00000,0.00000,0.00000,0.00000,0.00000,0,0,0,2,0,3,1,8,1,32872
UV29,Simulated Ammonia,10/1/1920,9/30/2010,0.00000,0.00000,0.00000,0.00000,0.00000,0,0,0,2,0,3,1,8,1,32872
Node_902,Simulated Ammonia,10/1/1920,9/30/2010,0.00000,0.00000,0.00000,0.00000,0.00000,0,0,0,2,0,3,1,8,1,32872
UV25,Simulated Ammonia,10/1/1920,9/30/2010,0.00000,0.00000,0.00000,0.00000,0.00000,0,0,0,2,0,3,1,8,1,32872
DD_429,Simulated Ammonia,10/1/1920,9/30/2010,0.00000,0.00000,0.00000,0.00000,0.00000,0,0,0,2,0,3,1,8,1,32872
Node_466,Simulated Ammonia,10/1/1920,9/30/2010,0.00000,0.00000,0.00000,0.00000,0.00000,0,0,0,2,0,3,1,8,1,32872
Node_901,Simulated Ammonia,10/1/1920,9/30/2010,0.00000,0.00000,0.00000,0.00000,0.00000,0,0,0,2,0,3,1,8,1,32872
Node_900,Simulated Ammonia,10/1/1920,9/30/2010,0.00000,0.00000,0.00000,0.00000,0.00000,0,0,0,2,0,3,1,8,1,32872
UV13,Simulated Ammonia,10/1/1920,9/30/2010,0.00000,0.00000,0.00000,0.00000,0.00000,0,0,0,2,0,3,1,8,1,32872
DD_202,Simulated Ammonia,10/1/1920,9/30/2010,0.00000,0.00000,0.00000,0.00000,0.00000,0,0,0,2,0,3,1,8,1,32872
Node_910,Simulated Ammonia,10/1/1920,9/30/2010,0.00000,0.00000,0.00000,0.00000,0.00000,0,0,0,2,0,3,1,8,1,32872
UV24,Simulated Ammonia,10/1/1920,9/30/2010,0.00000,0.00000,0.00000,0.00000,0.00000,0,0,0,2,0,3,1,8,1,32872
Node_250,Simulated Ammonia,10/1/1920,9/30/2010,0.00000,0.00000,0.00000,0.00000,0.00000,0,0,0,2,0,3,1,8,1,32872
UV77,Simulated Ammonia,10/1/1920,9/30/2010,0.00000,0.00000,0.00000,0.00000,0.00000,0,0,0,2,0,3,1,8,1,32872
Node_362,Simulated Ammonia,10/1/1920,9/30/2010,0.00000,0.00000,0.00000,0.00000,0.00000,0,0,0,2,0,3,1,8,1,32872
UV68,Simulated Ammonia,10/1/1920,9/30/2010,0.00000,0.00000,0.00000,0.00000,0.00000,0,0,0,2,0,3,1,8,1,32872
Node_574,Simulated Ammonia,10/1/1920,9/30/2010,0.00000,0.00000,0.00000,0.00000,0.00000,0,0,0,2,0,3,1,8,1,32872
Node_577,Simulated Ammonia,10/1/1920,9/30/2010,0.00000,0.00000,0.00000,0.00000,0.00000,0,0,0,2,0,3,1,8,1,32872
UV78,Simulated Ammonia,10/1/1920,9/30/2010,0.00000,0.00000,0.00000,0.00000,0.00000,0,0,0,2,0,3,1,8,1,32872
UV27,Simulated Ammonia,10/1/1920,9/30/2010,0.00000,0.00000,0.00000,0.00000,0.00000,0,0,0,2,0,3,1,8,1,32872
Node_498,Simulated Ammonia,10/1/1920,9/30/2010,0.00000,0.00000,0.00000,0.00000,0.00000,0,0,0,2,0,3,1,8,1,32872
UV76,Simulated Ammonia,10/1/1920,9/30/2010,0.00000,0.00000,0.00000,0.00000,0.00000,0,0,0,2,0,3,1,8,1,32872
Node_491,Simulated Ammonia,10/1/1920,9/30/2010,0.00000,0.00000,0.00000,0.00000,0.00000,0,0,0,2,0,3,1,8,1,32872
UV30,Simulated Ammonia,10/1/1920,9/30/2010,0.00000,0.00000,0.00000,0.00000,0.00000,0,0,0,2,0,3,1,8,1,32872
UV66,Simulated Ammonia,10/1/1920,9/30/2010,0.00000,0.00000,0.00000,0.00000,0.00000,0,0,0,2,0,3,1,8,1,32872
UV28,Simulated Ammonia,10/1/1920,9/30/2010,0.00000,0.00000,0.00000,0.00000,0.00000,0,0,0,2,0,3,1,8,1,32872
UV67,Simulated Ammonia,10/1/1920,9/30/2010,0.00000,0.00000,0.00000,0.00000,0.00000,0,0,0,2,0,3,1,8,1,32872
DD_570,Simulated Ammonia,10/1/1920,9/30/2010,0.00000,0.00000,0.00000,0.00000,0.00000,0,0,0,2,0,3,1,8,1,32872
UV75,Simulated Ammonia,10/1/1920,9/30/2010,0.00000,0.00000,0.00000,0.00000,0.00000,0,0,0,2,0,3,1,8,1,32872
UV26,Simulated Ammonia,10/1/1920,9/30/2010,0.00000,0.00000,0.00000,0.00000,0.00000,0,0,0,2,0,3,1,8,1,32872
UV74,Simulated Ammonia,10/1/1920,9/30/2010,0.00000,0.00000,0.00000,0.00000,0.00000,0,0,0,2,0,3,1,8,1,32872
Node_490,Simulated Ammonia,10/1/1920,9/30/2010,0.00000,0.00000,0.00000,0.00000,0.00000,0,0,0,2,0,3,1,8,1,32872
UV65,Simulated Ammonia,10/1/1920,9/30/2010,0.00000,0.00000,0.00000,0.00000,0.00000,0,0,0,2,0,3,1,8,1,32872
UV64,Simulated Ammonia,10/1/1920,9/30/2010,0.00000,0.00000,0.00000,0.00000,0.00000,0,0,0,2,0,3,1,8,1,32872
UV63,Simulated Ammonia,10/1/1920,9/30/2010,0.00000,0.00000,0.00000,0.00000,0.00000,0,0,0,2,0,3,1,8,1,32872
Node_568,Simulated Ammonia,10/1/1920,9/30/2010,0.00000,0.00000,0.00000,0.00000,0.00000,0,0,0,2,0,3,1,8,1,32872
UV62,Simulated Ammonia,10/1/1920,9/30/2010,0.00000,0.00000,0.00000,0.00000,0.00000,0,0,0,2,0,3,1,8,1,32872
UV61,Simulated Ammonia,10/1/1920,9/30/2010,0.00000,0.00000,0.00000,0.00000,0.00000,0,0,0,2,0,3,1,8,1,32872
UV73,Simulated Ammonia,10/1/1920,9/30/2010,0.00000,0.00000,0.00000,0.00000,0.00000,0,0,0,2,0,3,1,8,1,32872
UV59,Simulated Ammonia,10/1/1920,9/30/2010,0.00000,0.00000,0.00000,0.00000,0.00000,0,0,0,2,0,3,1,8,1,32872
UV71,Simulated Ammonia,10/1/1920,9/30/2010,0.00000,0.00000,0.00000,0.00000,0.00000,0,0,0,2,0,3,1,8,1,32872
Node_907,Simulated Ammonia,10/1/1920,9/30/2010,0.00000,0.00000,0.00000,0.00000,0.00000,0,0,0,2,0,3,1,8,1,32872
UV60,Simulated Ammonia,10/1/1920,9/30/2010,0.00000,0.00000,0.00000,0.00000,0.00000,0,0,0,2,0,3,1,8,1,32872
UV58,Simulated Ammonia,10/1/1920,9/30/2010,0.00000,0.00000,0.00000,0.00000,0.00000,0,0,0,2,0,3,1,8,1,32872
Node_204,Simulated Ammonia,10/1/1920,9/30/2010,0.00000,0.00000,0.00000,0.00000,0.00000,0,0,0,2,0,3,1,8,1,32872
UV72,Simulated Ammonia,10/1/1920,9/30/2010,0.00000,0.00000,0.00000,0.00000,0.00000,0,0,0,2,0,3,1,8,1,32872
UV49,Simulated Ammonia,10/1/1920,9/30/2010,0.00000,0.00000,0.00000,0.00000,0.00000,0,0,0,2,0,3,1,8,1,32872
UV57,Simulated Ammonia,10/1/1920,9/30/2010,0.00000,0.00000,0.00000,0.00000,0.00000,0,0,0,2,0,3,1,8,1,32872
UV53,Simulated Ammonia,10/1/1920,9/30/2010,0.00000,0.00000,0.00000,0.00000,0.00000,0,0,0,2,0,3,1,8,1,32872
Node_905,Simulated Ammonia,10/1/1920,9/30/2010,0.00000,0.00000,0.00000,0.00000,0.00000,0,0,0,2,0,3,1,8,1,32872
Node_203,Simulated Ammonia,10/1/1920,9/30/2010,0.00000,0.00000,0.00000,0.00000,0.00000,0,0,0,2,0,3,1,8,1,32872
DD_201,Simulated Ammonia,10/1/1920,9/30/2010,0.00000,0.00000,0.00000,0.00000,0.00000,0,0,0,2,0,3,1,8,1,32872
UV56,Simulated Ammonia,10/1/1920,9/30/2010,0.00000,0.00000,0.00000,0.00000,0.00000,0,0,0,2,0,3,1,8,1,32872
UV50,Simulated Ammonia,10/1/1920,9/30/2010,0.00000,0.00000,0.00000,0.00000,0.00000,0,0,0,2,0,3,1,8,1,32872
UV69,Simulated Ammonia,10/1/1920,9/30/2010,0.00000,0.00000,0.00000,0.00000,0.00000,0,0,0,2,0,3,1,8,1,32872
Saulspoor,Simulated Ammonia,10/1/1920,9/30/2010,0.00000,0.00000,0.00000,0.00000,0.00000,0,0,0,2,0,3,1,8,1,32872
Node_916,Simulated Ammonia,10/1/1920,9/30/2010,0.00000,0.00000,0.00000,0.00000,0.00000,0,0,0,2,0,3,1,8,1,32872
UV70,Simulated Ammonia,10/1/1920,9/30/2010,0.00000,0.00000,0.00000,0.00000,0.00000,0,0,0,2,0,3,1,8,1,32872
UV55,Simulated Ammonia,10/1/1920,9/30/2010,0.00000,0.00000,0.00000,0.00000,0.00000,0,0,0,2,0,3,1,8,1,32872
UV51,Simulated Ammonia,10/1/1920,9/30/2010,0.00000,0.00000,0.00000,0.00000,0.00000,0,0,0,2,0,3,1,8,1,32872
UV54,Simulated Ammonia,10/1/1920,9/30/2010,0.00000,0.00000,0.00000,0.00000,0.00000,0,0,0,2,0,3,1,8,1,32872
UV81,Simulated Ammonia,10/1/1920,9/30/2010,0.00000,0.00000,0.00000,0.00000,0.00000,0,0,0,2,0,3,1,8,1,32872
UV82,Simulated Ammonia,10/1/1920,9/30/2010,0.00000,0.00000,0.00000,0.00000,0.00000,0,0,0,2,0,3,1,8,1,32872
DD_19,Simulated Ammonia,10/1/1920,9/30/2010,0.00000,0.00000,0.00000,0.00000,0.00000,0,0,0,2,0,3,0,0,1,32872
Node_B20,Simulated Ammonia,10/1/1920,9/30/2010,0.00000,0.00000,0.00000,0.00000,0.00000,0,0,0,2,0,3,0,0,1,32872
Node_B21,Simulated Ammonia,10/1/1920,9/30/2010,0.00000,0.00000,0.00000,0.00000,0.00000,0,0,0,2,0,3,0,0,1,32872
Node_B22,Simulated Ammonia,10/1/1920,9/30/2010,0.00000,0.00000,0.00000,0.00000,0.00000,0,0,0,2,0,3,0,0,1,32872
Node_B23,Simulated Ammonia,10/1/1920,9/30/2010,0.00000,0.00000,0.00000,0.00000,0.00000,0,0,0,2,0,3,0,0,1,32872
DD_24,Simulated Ammonia,10/1/1920,9/30/2010,0.00000,0.00000,0.00000,0.00000,0.00000,0,0,0,2,0,3,0,0,1,32872
Node_B31,Simulated Ammonia,10/1/1920,9/30/2010,0.00000,0.00000,0.00000,0.00000,0.00000,0,0,0,2,0,3,0,0,1,32872
Node_B32,Simulated Ammonia,10/1/1920,9/30/2010,0.00000,0.00000,0.00000,0.00000,0.00000,0,0,0,2,0,3,0,0,1,32872
DD_26,Simulated Ammonia,10/1/1920,9/30/2010,0.00000,0.00000,0.00000,0.00000,0.00000,0,0,0,2,0,3,0,0,1,32872
Node_B16,Simulated Ammonia,10/1/1920,9/30/2010,0.00000,0.00000,0.00000,0.00000,0.00000,0,0,0,2,0,3,0,0,1,32872
Node_B25,Simulated Ammonia,10/1/1920,9/30/2010,0.00000,0.00000,0.00000,0.00000,0.00000,0,0,0,2,0,3,0,0,1,32872
DD_1,Simulated Ammonia,10/1/1920,9/30/2010,0.00000,0.00000,0.00000,0.00000,0.00000,0,0,0,2,0,3,0,0,1,32872
Node_B5,Simulated Ammonia,10/1/1920,9/30/2010,0.00000,0.00000,0.00000,0.00000,0.00000,0,0,0,2,0,3,0,0,1,32872
Node_B2,Simulated Ammonia,10/1/1920,9/30/2010,0.00000,0.00000,0.00000,0.00000,0.00000,0,0,0,2,0,3,0,0,1,32872
Node_B3,Simulated Ammonia,10/1/1920,9/30/2010,0.00000,0.00000,0.00000,0.00000,0.00000,0,0,0,2,0,3,0,0,1,32872
Node_B4,Simulated Ammonia,10/1/1920,9/30/2010,0.00000,0.00000,0.00000,0.00000,0.00000,0,0,0,2,0,3,0,0,1,32872
DD_6,Simulated Ammonia,10/1/1920,9/30/2010,0.00000,0.00000,0.00000,0.00000,0.00000,0,0,0,2,0,3,0,0,1,32872
Node_B7,Simulated Ammonia,10/1/1920,9/30/2010,0.00000,0.00000,0.00000,0.00000,0.00000,0,0,0,2,0,3,0,0,1,32872
DD_8,Simulated Ammonia,10/1/1920,9/30/2010,0.00000,0.00000,0.00000,0.00000,0.00000,0,0,0,2,0,3,0,0,1,32872
UV83,Simulated Ammonia,10/1/1920,9/30/2010,0.00000,0.00000,0.00000,0.00000,0.00000,0,0,0,2,0,3,0,0,1,32872
DD_12,Simulated Ammonia,10/1/1920,9/30/2010,0.00000,0.00000,0.00000,0.00000,0.00000,0,0,0,2,0,3,0,0,1,32872
Node_B9,Simulated Ammonia,10/1/1920,9/30/2010,0.00000,0.00000,0.00000,0.00000,0.00000,0,0,0,2,0,3,0,0,1,32872
Node_B10,Simulated Ammonia,10/1/1920,9/30/2010,0.00000,0.00000,0.00000,0.00000,0.00000,0,0,0,2,0,3,0,0,1,32872
Node_B11,Simulated Ammonia,10/1/1920,9/30/2010,0.00000,0.00000,0.00000,0.00000,0.00000,0,0,0,2,0,3,0,0,1,32872
DD_17,Simulated Ammonia,10/1/1920,9/30/2010,0.00000,0.00000,0.00000,0.00000,0.00000,0,0,0,2,0,3,0,0,1,32872
Node_B13,Simulated Ammonia,10/1/1920,9/30/2010,0.00000,0.00000,0.00000,0.00000,0.00000,0,0,0,2,0,3,0,0,1,32872
Node_B14,Simulated Ammonia,10/1/1920,9/30/2010,0.00000,0.00000,0.00000,0.00000,0.00000,0,0,0,2,0,3,0,0,1,32872
Node_B15,Simulated Ammonia,10/1/1920,9/30/2010,0.00000,0.00000,0.00000,0.00000,0.00000,0,0,0,2,0,3,0,0,1,32872
DD_18,Simulated Ammonia,10/1/1920,9/30/2010,0.00000,0.00000,0.00000,0.00000,0.00000,0,0,0,2,0,3,0,0,1,32872
Node_B28,Simulated Ammonia,10/1/1920,9/30/2010,0.00000,0.00000,0.00000,0.00000,0.00000,0,0,0,2,0,3,0,0,1,32872
Node_B29,Simulated Ammonia,10/1/1920,9/30/2010,0.00000,0.00000,0.00000,0.00000,0.00000,0,0,0,2,0,3,0,0,1,32872
DD_30,Simulated Ammonia,10/1/1920,9/30/2010,0.00000,0.00000,0.00000,0.00000,0.00000,0,0,0,2,0,3,0,0,1,32872
UV84,Simulated Ammonia,10/1/1920,9/30/2010,0.00000,0.00000,0.00000,0.00000,0.00000,0,0,0,2,0,3,0,0,1,32872
UV85,Simulated Ammonia,10/1/1920,9/30/2010,0.00000,0.00000,0.00000,0.00000,0.00000,0,0,0,2,0,3,0,0,1,32872
UV86,Simulated Ammonia,10/1/1920,9/30/2010,0.00000,0.00000,0.00000,0.00000,0.00000,0,0,0,2,0,3,0,0,1,32872
UV87,Simulated Ammonia,10/1/1920,9/30/2010,0.00000,0.00000,0.00000,0.00000,0.00000,0,0,0,2,0,3,0,0,1,32872
