UV35,Simulated Phosphate,10/1/1920,9/30/2010,0.00000,0.00000,0.00000,0.00000,0.00000,0,0,0,2,0,3,0,0,1,32872
UV39,Simulated Phosphate,10/1/1920,9/30/2010,0.00000,0.00000,0.00000,0.00000,0.00000,0,0,0,2,0,3,0,0,1,32872
UV40,Simulated Phosphate,10/1/1920,9/30/2010,0.00000,0.00000,0.00000,0.00000,0.00000,0,0,0,2,0,3,0,0,1,32872
UV36,Simulated Phosphate,10/1/1920,9/30/2010,0.00000,0.00000,0.00000,0.00000,0.00000,0,0,0,2,0,3,0,0,1,32872
UV41,Simulated Phosphate,10/1/1920,9/30/2010,0.00000,0.00000,0.00000,0.00000,0.00000,0,0,0,2,0,3,0,0,1,32872
UV42,Simulated Phosphate,10/1/1920,9/30/2010,0.00000,0.00000,0.00000,0.00000,0.00000,0,0,0,2,0,3,0,0,1,32872
UV1,Simulated Phosphate,10/1/1920,9/30/2010,0.00000,0.00000,0.00000,0.00000,0.00000,0,0,0,2,0,3,1,8,1,32872
Node_287,Simulated Phosphate,10/1/1920,9/30/2010,0.00000,0.00000,0.00000,0.00000,0.00000,0,0,0,2,0,3,1,8,1,32872
UV32,Simulated Phosphate,10/1/1920,9/30/2010,0.00000,0.00000,0.00000,0.00000,0.00000,0,0,0,2,0,3,0,0,1,32872
UV6,Simulated Phosphate,10/1/1920,9/30/2010,0.00000,0.00000,0.00000,0.00000,0.00000,0,0,0,2,0,3,1,8,1,32872
Node_34,Simulated Phosphate,10/1/1920,9/30/2010,0.00000,0.00000,0.00000,0.00000,0.00000,0,0,0,2,0,3,1,8,1,32872
UV37,Simulated Phosphate,10/1/1920,9/30/2010,0.00000,0.00000,0.00000,0.00000,0.00000,0,0,0,2,0,3,0,0,1,32872
UV46,Simulated Phosphate,10/1/1920,9/30/2010,0.00000,0.00000,0.00000,0.00000,0.00000,0,0,0,2,0,3,0,0,1,32872
UV47,Simulated Phosphate,10/1/1920,9/30/2010,0.00000,0.00000,0.00000,0.00000,0.00000,0,0,0,2,0,3,0,0,1,32872
UV16,Simulated Phosphate,10/1/1920,9/30/2010,0.00000,0.00000,0.00000,0.00000,0.00000,0,0,0,2,0,3,1,8,1,32872
DD_628,Simulated Phosphate,10/1/1920,9/30/2010,0.00000,0.00000,0.00000,0.00000,0.00000,0,0,0,2,0,3,1,8,1,32872
Node_555,Simulated Phosphate,10/1/1920,9/30/2010,0.00000,0.00000,0.00000,0.00000,0.00000,0,0,0,2,0,3,1,8,1,32872
Node_631,Simulated Phosphate,10/1/1920,9/30/2010,0.00000,0.00000,0.00000,0.00000,0.00000,0,0,0,2,0,3,1,8,1,32872
UV43,Simulated Phosphate,10/1/1920,9/30/2010,0.00000,0.00000,0.00000,0.00000,0.00000,0,0,0,2,0,3,0,0,1,32872
UV8,Simulated Phosphate,10/1/1920,9/30/2010,0.00000,0.00000,0.00000,0.00000,0.00000,0,0,0,2,0,3,1,8,1,32872
DD_381,Simulated Phosphate,10/1/1920,9/30/2010,0.00000,0.00000,0.00000,0.00000,0.00000,0,0,0,2,0,3,1,8,1,32872
Node_904,Simulated Phosphate,10/1/1920,9/30/2010,0.00000,0.00000,0.00000,0.00000,0.00000,0,0,0,2,0,3,1,8,1,32872
UV33,Simulated Phosphate,10/1/1920,9/30/2010,0.00000,0.00000,0.00000,0.00000,0.00000,0,0,0,2,0,3,0,0,1,32872
UV2,Simulated Phosphate,10/1/1920,9/30/2010,0.00000,0.00000,0.00000,0.00000,0.00000,0,0,0,2,0,3,1,8,1,32872
DD_200,Simulated Phosphate,10/1/1920,9/30/2010,0.00000,0.00000,0.00000,0.00000,0.00000,0,0,0,2,0,3,1,8,1,32872
Node_100,Simulated Phosphate,10/1/1920,9/30/2010,0.00000,0.00000,0.00000,0.00000,0.00000,0,0,0,2,0,3,1,8,1,32872
UV38,Simulated Phosphate,10/1/1920,9/30/2010,0.00000,0.00000,0.00000,0.00000,0.00000,0,0,0,2,0,3,0,0,1,32872
UV88,Simulated Phosphate,10/1/1920,9/30/2010,0.00000,0.00000,0.00000,0.00000,0.00000,0,0,0,2,0,3,0,0,1,32872
UV18,Simulated Phosphate,10/1/1920,9/30/2010,0.00000,0.00000,0.00000,0.00000,0.00000,0,0,0,2,0,3,1,8,1,32872
DD_557,Simulated Phosphate,10/1/1920,9/30/2010,0.00000,0.00000,0.00000,0.00000,0.00000,0,0,0,2,0,3,1,8,1,32872
Node_560,Simulated Phosphate,10/1/1920,9/30/2010,0.00000,0.00000,0.00000,0.00000,0.00000,0,0,0,2,0,3,1,8,1,32872
Node_634,Simulated Phosphate,10/1/1920,9/30/2010,0.00000,0.00000,0.00000,0.00000,0.00000,0,0,0,2,0,3,1,8,1,32872
Node_633,Simulated Phosphate,10/1/1920,9/30/2010,0.00000,0.00000,0.00000,0.00000,0.00000,0,0,0,2,0,3,1,8,1,32872
End,Simulated Phosphate,10/1/1920,9/30/2010,0.00000,0.00000,0.00000,0.00000,0.00000,0,0,0,2,0,3,1,8,1,32872
UV7,Simulated Phosphate,10/1/1920,9/30/2010,0.00000,0.00000,0.00000,0.00000,0.00000,0,0,0,2,0,3,1,8,1,32872
Node_372,Simulated Phosphate,10/1/1920,9/30/2010,0.00000,0.00000,0.00000,0.00000,0.00000,0,0,0,2,0,3,1,8,1,32872
UV34,Simulated Phosphate,10/1/1920,9/30/2010,0.00000,0.00000,0.00000,0.00000,0.00000,0,0,0,2,0,3,0,0,1,32872
UV10,Simulated Phosphate,10/1/1920,9/30/2010,0.00000,0.00000,0.00000,0.00000,0.00000,0,0,0,2,0,3,1,8,1,32872
UV17,Simulated Phosphate,10/1/1920,9/30/2010,0.00000,0.00000,0.00000,0.00000,0.00000,0,0,0,2,0,3,1,8,1,32872
Node_562,Simulated Phosphate,10/1/1920,9/30/2010,0.00000,0.00000,0.00000,0.00000,0.00000,0,0,0,2,0,3,1,8,1,32872
UV19,Simulated Phosphate,10/1/1920,9/30/2010,0.00000,0.00000,0.00000,0.00000,0.00000,0,0,0,2,0,3,1,8,1,32872
DD_639,Simulated Phosphate,10/1/1920,9/30/2010,0.00000,0.00000,0.00000,0.00000,0.00000,0,0,0,2,0,3,1,8,1,32872
Node_637,Simulated Phosphate,10/1/1920,9/30/2010,0.00000,0.00000,0.00000,0.00000,0.00000,0,0,0,2,0,3,1,8,1,32872
Node_641,Simulated Phosphate,10/1/1920,9/30/2010,0.00000,0.00000,0.00000,0.00000,0.00000,0,0,0,2,0,3,1,8,1,32872
End_Barr,Simulated Phosphate,10/1/1920,9/30/2010,0.00000,0.00000,0.00000,0.00000,0.00000,0,0,0,2,0,3,0,0,1,32872
UV22,Simulated Phosphate,10/1/1920,9/30/2010,0.00000,0.00000,0.00000,0.00000,0.00000,0,0,0,2,0,3,1,8,1,32872
UV48,Simulated Phosphate,10/1/1920,9/30/2010,0.00000,0.00000,0.00000,0.00000,0.00000,0,0,0,2,0,3,0,0,1,32872
Vaal_Barr,Simulated Phosphate,10/1/1920,9/30/2010,0.00000,0.00000,0.00000,0.00000,0.00000,0,0,0,2,0,3,0,0,1,32872
Node_B27,Simulated Phosphate,10/1/1920,9/30/2010,0.00000,0.00000,0.00000,0.00000,0.00000,0,0,0,2,0,3,0,0,1,32872
UV5,Simulated Phosphate,10/1/1920,9/30/2010,0.00000,0.00000,0.00000,0.00000,0.00000,0,0,0,2,0,3,1,8,1,32872
Node_373,Simulated Phosphate,10/1/1920,9/30/2010,0.00000,0.00000,0.00000,0.00000,0.00000,0,0,0,2,0,3,1,8,1,32872
Node_374,Simulated Phosphate,10/1/1920,9/30/2010,0.00000,0.00000,0.00000,0.00000,0.00000,0,0,0,2,0,3,1,8,1,32872
Node_903,Simulated Phosphate,10/1/1920,9/30/2010,0.00000,0.00000,0.00000,0.00000,0.00000,0,0,0,2,0,3,1,8,1,32872
UV9,Simulated Phosphate,10/1/1920,9/30/2010,0.00000,0.00000,0.00000,0.00000,0.00000,0,0,0,2,0,3,1,8,1,32872
Node_392,Simulated Phosphate,10/1/1920,9/30/2010,0.00000,0.00000,0.00000,0.00000,0.00000,0,0,0,2,0,3,1,8,1,32872
UV4,Simulated Phosphate,10/1/1920,9/30/2010,0.00000,0.00000,0.00000,0.00000,0.00000,0,0,0,2,0,3,1,8,1,32872
UV23,Simulated Phosphate,10/1/1920,9/30/2010,0.00000,0.00000,0.00000,0.00000,0.00000,0,0,0,2,0,3,1,8,1,32872
Node_1793,Simulated Phosphate,10/1/1920,9/30/2010,0.00000,0.00000,0.00000,0.00000,0.00000,0,0,0,2,0,3,1,8,1,32872
UV11,Simulated Phosphate,10/1/1920,9/30/2010,0.00000,0.00000,0.00000,0.00000,0.00000,0,0,0,2,0,3,1,8,1,32872
Groot_Dam,Simulated Phosphate,10/1/1920,9/30/2010,0.00000,0.00000,0.00000,0.00000,0.00000,0,0,0,2,0,3,1,8,1,32872
Node_402,Simulated Phosphate,10/1/1920,9/30/2010,0.00000,0.00000,0.00000,0.00000,0.00000,0,0,0,2,0,3,1,8,1,32872
UV45,Simulated Phosphate,10/1/1920,9/30/2010,0.00000,0.00000,0.00000,0.00000,0.00000,0,0,0,2,0,3,0,0,1,32872
UV3,Simulated Phosphate,10/1/1920,9/30/2010,0.00000,0.00000,0.00000,0.00000,0.00000,0,0,0,2,0,3,1,8,1,32872
UV12,Simulated Phosphate,10/1/1920,9/30/2010,0.00000,0.00000,0.00000,0.00000,0.00000,0,0,0,2,0,3,1,8,1,32872
Node_412,Simulated Phosphate,10/1/1920,9/30/2010,0.00000,0.00000,0.00000,0.00000,0.00000,0,0,0,2,0,3,1,8,1,32872
Node_2,Simulated Phosphate,10/1/1920,9/30/2010,0.00000,0.00000,0.00000,0.00000,0.00000,0,0,0,2,0,3,1,8,1,32872
UV14,Simulated Phosphate,10/1/1920,9/30/2010,0.00000,0.00000,0.00000,0.00000,0.00000,0,0,0,2,0,3,1,8,1,32872
Node_205,Simulated Phosphate,10/1/1920,9/30/2010,0.00000,0.00000,0.00000,0.00000,0.00000,0,0,0,2,0,3,1,8,1,32872
Node_908,Simulated Phosphate,10/1/1920,9/30/2010,0.00000,0.00000,0.00000,0.00000,0.00000,0,0,0,2,0,3,1,8,1,32872
Node_563,Simulated Phosphate,10/1/1920,9/30/2010,0.00000,0.00000,0.00000,0.00000,0.00000,0,0,0,2,0,3,1,8,1,32872
UV20,Simulated Phosphate,10/1/1920,9/30/2010,0.00000,0.00000,0.00000,0.00000,0.00000,0,0,0,2,0,3,1,8,1,32872
Node_206,Simulated Phosphate,10/1/1920,9/30/2010,0.00000,0.00000,0.00000,0.00000,0.00000,0,0,0,2,0,3,1,8,1,32872
Node_913,Simulated Phosphate,10/1/1920,9/30/2010,0.00000,0.00000,0.00000,0.00000,0.00000,0,0,0,2,0,3,1,8,1,32872
UV80,Simulated Phosphate,10/1/1920,9/30/2010,0.00000,0.00000,0.00000,0.00000,0.00000,0,0,0,2,0,3,1,8,1,32872
Vaal_Dam,Simulated Phosphate,10/1/1920,9/30/2010,0.00000,0.00000,0.00000,0.00000,0.00000,0,0,0,2,0,3,1,8,1,32872
DD_544,Simulated Phosphate,10/1/1920,9/30/2010,0.00000,0.00000,0.00000,0.00000,0.00000,0,0,0,2,0,3,1,8,1,32872
Node_915,Simulated Phosphate,10/1/1920,9/30/2010,0.00000,0.00000,0.00000,0.00000,0.00000,0,0,0,2,0,3,1,8,1,32872
UV15,Simulated Phosphate,10/1/1920,9/30/2010,0.00000,0.00000,0.00000,0.00000,0.00000,0,0,0,2,0,3,1,8,1,32872
UV21,Simulated Phosphate,10/1/1920,9/30/2010,0.00000,0.00000,0.00000,0.00000,0.00000,0,0,0,2,0,3,1,8,1,32872
UV31,Simulated Phosphate,10/1/1920,9/30/2010,0.00000,0.00000,0.00000,0.00000,0.00000,0,0,0,2,0,3,1,8,1,32872
UV79,Simulated Phosphate,10/1/1920,9/30/2010,0.00000,0.00000,0.00000,0.00000,0.00000,0,0,0,2,0,3,1,8,1,32872
UV29,Simulated Phosphate,10/1/1920,9/30/2010,0.00000,0.00000,0.00000,0.00000,0.00000,0,0,0,2,0,3,1,8,1,32872
Node_902,Simulated Phosphate,10/1/1920,9/30/2010,0.00000,0.00000,0.00000,0.00000,0.00000,0,0,0,2,0,3,1,8,1,32872
UV25,Simulated Phosphate,10/1/1920,9/30/2010,0.00000,0.00000,0.00000,0.00000,0.00000,0,0,0,2,0,3,1,8,1,32872
DD_429,Simulated Phosphate,10/1/1920,9/30/2010,0.00000,0.00000,0.00000,0.00000,0.00000,0,0,0,2,0,3,1,8,1,32872
Node_466,Simulated Phosphate,10/1/1920,9/30/2010,0.00000,0.00000,0.00000,0.00000,0.00000,0,0,0,2,0,3,1,8,1,32872
Node_901,Simulated Phosphate,10/1/1920,9/30/2010,0.00000,0.00000,0.00000,0.00000,0.00000,0,0,0,2,0,3,1,8,1,32872
Node_900,Simulated Phosphate,10/1/1920,9/30/2010,0.00000,0.00000,0.00000,0.00000,0.00000,0,0,0,2,0,3,1,8,1,32872
UV13,Simulated Phosphate,10/1/1920,9/30/2010,0.00000,0.00000,0.00000,0.00000,0.00000,0,0,0,2,0,3,1,8,1,32872
DD_202,Simulated Phosphate,10/1/1920,9/30/2010,0.00000,0.00000,0.00000,0.00000,0.00000,0,0,0,2,0,3,1,8,1,32872
Node_910,Simulated Phosphate,10/1/1920,9/30/2010,0.00000,0.00000,0.00000,0.00000,0.00000,0,0,0,2,0,3,1,8,1,32872
UV24,Simulated Phosphate,10/1/1920,9/30/2010,0.00000,0.00000,0.00000,0.00000,0.00000,0,0,0,2,0,3,1,8,1,32872
Node_250,Simulated Phosphate,10/1/1920,9/30/2010,0.00000,0.00000,0.00000,0.00000,0.00000,0,0,0,2,0,3,1,8,1,32872
UV77,Simulated Phosphate,10/1/1920,9/30/2010,0.00000,0.00000,0.00000,0.00000,0.00000,0,0,0,2,0,3,1,8,1,32872
Node_362,Simulated Phosphate,10/1/1920,9/30/2010,0.00000,0.00000,0.00000,0.00000,0.00000,0,0,0,2,0,3,1,8,1,32872
UV68,Simulated Phosphate,10/1/1920,9/30/2010,0.00000,0.00000,0.00000,0.00000,0.00000,0,0,0,2,0,3,1,8,1,32872
Node_574,Simulated Phosphate,10/1/1920,9/30/2010,0.00000,0.00000,0.00000,0.00000,0.00000,0,0,0,2,0,3,1,8,1,32872
Node_577,Simulated Phosphate,10/1/1920,9/30/2010,0.00000,0.00000,0.00000,0.00000,0.00000,0,0,0,2,0,3,1,8,1,32872
UV78,Simulated Phosphate,10/1/1920,9/30/2010,0.00000,0.00000,0.00000,0.00000,0.00000,0,0,0,2,0,3,1,8,1,32872
UV27,Simulated Phosphate,10/1/1920,9/30/2010,0.00000,0.00000,0.00000,0.00000,0.00000,0,0,0,2,0,3,1,8,1,32872
Node_498,Simulated Phosphate,10/1/1920,9/30/2010,0.00000,0.00000,0.00000,0.00000,0.00000,0,0,0,2,0,3,1,8,1,32872
UV76,Simulated Phosphate,10/1/1920,9/30/2010,0.00000,0.00000,0.00000,0.00000,0.00000,0,0,0,2,0,3,1,8,1,32872
Node_491,Simulated Phosphate,10/1/1920,9/30/2010,0.00000,0.00000,0.00000,0.00000,0.00000,0,0,0,2,0,3,1,8,1,32872
UV30,Simulated Phosphate,10/1/1920,9/30/2010,0.00000,0.00000,0.00000,0.00000,0.00000,0,0,0,2,0,3,1,8,1,32872
UV66,Simulated Phosphate,10/1/1920,9/30/2010,0.00000,0.00000,0.00000,0.00000,0.00000,0,0,0,2,0,3,1,8,1,32872
UV28,Simulated Phosphate,10/1/1920,9/30/2010,0.00000,0.00000,0.00000,0.00000,0.00000,0,0,0,2,0,3,1,8,1,32872
UV67,Simulated Phosphate,10/1/1920,9/30/2010,0.00000,0.00000,0.00000,0.00000,0.00000,0,0,0,2,0,3,1,8,1,32872
DD_570,Simulated Phosphate,10/1/1920,9/30/2010,0.00000,0.00000,0.00000,0.00000,0.00000,0,0,0,2,0,3,1,8,1,32872
UV75,Simulated Phosphate,10/1/1920,9/30/2010,0.00000,0.00000,0.00000,0.00000,0.00000,0,0,0,2,0,3,1,8,1,32872
UV26,Simulated Phosphate,10/1/1920,9/30/2010,0.00000,0.00000,0.00000,0.00000,0.00000,0,0,0,2,0,3,1,8,1,32872
UV74,Simulated Phosphate,10/1/1920,9/30/2010,0.00000,0.00000,0.00000,0.00000,0.00000,0,0,0,2,0,3,1,8,1,32872
Node_490,Simulated Phosphate,10/1/1920,9/30/2010,0.00000,0.00000,0.00000,0.00000,0.00000,0,0,0,2,0,3,1,8,1,32872
UV65,Simulated Phosphate,10/1/1920,9/30/2010,0.00000,0.00000,0.00000,0.00000,0.00000,0,0,0,2,0,3,1,8,1,32872
UV64,Simulated Phosphate,10/1/1920,9/30/2010,0.00000,0.00000,0.00000,0.00000,0.00000,0,0,0,2,0,3,1,8,1,32872
UV63,Simulated Phosphate,10/1/1920,9/30/2010,0.00000,0.00000,0.00000,0.00000,0.00000,0,0,0,2,0,3,1,8,1,32872
Node_568,Simulated Phosphate,10/1/1920,9/30/2010,0.00000,0.00000,0.00000,0.00000,0.00000,0,0,0,2,0,3,1,8,1,32872
UV62,Simulated Phosphate,10/1/1920,9/30/2010,0.00000,0.00000,0.00000,0.00000,0.00000,0,0,0,2,0,3,1,8,1,32872
UV61,Simulated Phosphate,10/1/1920,9/30/2010,0.00000,0.00000,0.00000,0.00000,0.00000,0,0,0,2,0,3,1,8,1,32872
UV73,Simulated Phosphate,10/1/1920,9/30/2010,0.00000,0.00000,0.00000,0.00000,0.00000,0,0,0,2,0,3,1,8,1,32872
UV59,Simulated Phosphate,10/1/1920,9/30/2010,0.00000,0.00000,0.00000,0.00000,0.00000,0,0,0,2,0,3,1,8,1,32872
UV71,Simulated Phosphate,10/1/1920,9/30/2010,0.00000,0.00000,0.00000,0.00000,0.00000,0,0,0,2,0,3,1,8,1,32872
Node_907,Simulated Phosphate,10/1/1920,9/30/2010,0.00000,0.00000,0.00000,0.00000,0.00000,0,0,0,2,0,3,1,8,1,32872
UV60,Simulated Phosphate,10/1/1920,9/30/2010,0.00000,0.00000,0.00000,0.00000,0.00000,0,0,0,2,0,3,1,8,1,32872
UV58,Simulated Phosphate,10/1/1920,9/30/2010,0.00000,0.00000,0.00000,0.00000,0.00000,0,0,0,2,0,3,1,8,1,32872
Node_204,Simulated Phosphate,10/1/1920,9/30/2010,0.00000,0.00000,0.00000,0.00000,0.00000,0,0,0,2,0,3,1,8,1,32872
UV72,Simulated Phosphate,10/1/1920,9/30/2010,0.00000,0.00000,0.00000,0.00000,0.00000,0,0,0,2,0,3,1,8,1,32872
UV49,Simulated Phosphate,10/1/1920,9/30/2010,0.00000,0.00000,0.00000,0.00000,0.00000,0,0,0,2,0,3,1,8,1,32872
UV57,Simulated Phosphate,10/1/1920,9/30/2010,0.00000,0.00000,0.00000,0.00000,0.00000,0,0,0,2,0,3,1,8,1,32872
UV53,Simulated Phosphate,10/1/1920,9/30/2010,0.00000,0.00000,0.00000,0.00000,0.00000,0,0,0,2,0,3,1,8,1,32872
Node_905,Simulated Phosphate,10/1/1920,9/30/2010,0.00000,0.00000,0.00000,0.00000,0.00000,0,0,0,2,0,3,1,8,1,32872
Node_203,Simulated Phosphate,10/1/1920,9/30/2010,0.00000,0.00000,0.00000,0.00000,0.00000,0,0,0,2,0,3,1,8,1,32872
DD_201,Simulated Phosphate,10/1/1920,9/30/2010,0.00000,0.00000,0.00000,0.00000,0.00000,0,0,0,2,0,3,1,8,1,32872
UV56,Simulated Phosphate,10/1/1920,9/30/2010,0.00000,0.00000,0.00000,0.00000,0.00000,0,0,0,2,0,3,1,8,1,32872
UV50,Simulated Phosphate,10/1/1920,9/30/2010,0.00000,0.00000,0.00000,0.00000,0.00000,0,0,0,2,0,3,1,8,1,32872
UV69,Simulated Phosphate,10/1/1920,9/30/2010,0.00000,0.00000,0.00000,0.00000,0.00000,0,0,0,2,0,3,1,8,1,32872
Saulspoor,Simulated Phosphate,10/1/1920,9/30/2010,0.00000,0.00000,0.00000,0.00000,0.00000,0,0,0,2,0,3,1,8,1,32872
Node_916,Simulated Phosphate,10/1/1920,9/30/2010,0.00000,0.00000,0.00000,0.00000,0.00000,0,0,0,2,0,3,1,8,1,32872
UV70,Simulated Phosphate,10/1/1920,9/30/2010,0.00000,0.00000,0.00000,0.00000,0.00000,0,0,0,2,0,3,1,8,1,32872
UV55,Simulated Phosphate,10/1/1920,9/30/2010,0.00000,0.00000,0.00000,0.00000,0.00000,0,0,0,2,0,3,1,8,1,32872
UV51,Simulated Phosphate,10/1/1920,9/30/2010,0.00000,0.00000,0.00000,0.00000,0.00000,0,0,0,2,0,3,1,8,1,32872
UV54,Simulated Phosphate,10/1/1920,9/30/2010,0.00000,0.00000,0.00000,0.00000,0.00000,0,0,0,2,0,3,1,8,1,32872
UV81,Simulated Phosphate,10/1/1920,9/30/2010,0.00000,0.00000,0.00000,0.00000,0.00000,0,0,0,2,0,3,1,8,1,32872
UV82,Simulated Phosphate,10/1/1920,9/30/2010,0.00000,0.00000,0.00000,0.00000,0.00000,0,0,0,2,0,3,1,8,1,32872
DD_19,Simulated Phosphate,10/1/1920,9/30/2010,0.00000,0.00000,0.00000,0.00000,0.00000,0,0,0,2,0,3,0,0,1,32872
Node_B20,Simulated Phosphate,10/1/1920,9/30/2010,0.00000,0.00000,0.00000,0.00000,0.00000,0,0,0,2,0,3,0,0,1,32872
Node_B21,Simulated Phosphate,10/1/1920,9/30/2010,0.00000,0.00000,0.00000,0.00000,0.00000,0,0,0,2,0,3,0,0,1,32872
Node_B22,Simulated Phosphate,10/1/1920,9/30/2010,0.00000,0.00000,0.00000,0.00000,0.00000,0,0,0,2,0,3,0,0,1,32872
Node_B23,Simulated Phosphate,10/1/1920,9/30/2010,0.00000,0.00000,0.00000,0.00000,0.00000,0,0,0,2,0,3,0,0,1,32872
DD_24,Simulated Phosphate,10/1/1920,9/30/2010,0.00000,0.00000,0.00000,0.00000,0.00000,0,0,0,2,0,3,0,0,1,32872
Node_B31,Simulated Phosphate,10/1/1920,9/30/2010,0.00000,0.00000,0.00000,0.00000,0.00000,0,0,0,2,0,3,0,0,1,32872
Node_B32,Simulated Phosphate,10/1/1920,9/30/2010,0.00000,0.00000,0.00000,0.00000,0.00000,0,0,0,2,0,3,0,0,1,32872
DD_26,Simulated Phosphate,10/1/1920,9/30/2010,0.00000,0.00000,0.00000,0.00000,0.00000,0,0,0,2,0,3,0,0,1,32872
Node_B16,Simulated Phosphate,10/1/1920,9/30/2010,0.00000,0.00000,0.00000,0.00000,0.00000,0,0,0,2,0,3,0,0,1,32872
Node_B25,Simulated Phosphate,10/1/1920,9/30/2010,0.00000,0.00000,0.00000,0.00000,0.00000,0,0,0,2,0,3,0,0,1,32872
DD_1,Simulated Phosphate,10/1/1920,9/30/2010,0.00000,0.00000,0.00000,0.00000,0.00000,0,0,0,2,0,3,0,0,1,32872
Node_B5,Simulated Phosphate,10/1/1920,9/30/2010,0.00000,0.00000,0.00000,0.00000,0.00000,0,0,0,2,0,3,0,0,1,32872
Node_B2,Simulated Phosphate,10/1/1920,9/30/2010,0.00000,0.00000,0.00000,0.00000,0.00000,0,0,0,2,0,3,0,0,1,32872
Node_B3,Simulated Phosphate,10/1/1920,9/30/2010,0.00000,0.00000,0.00000,0.00000,0.00000,0,0,0,2,0,3,0,0,1,32872
Node_B4,Simulated Phosphate,10/1/1920,9/30/2010,0.00000,0.00000,0.00000,0.00000,0.00000,0,0,0,2,0,3,0,0,1,32872
DD_6,Simulated Phosphate,10/1/1920,9/30/2010,0.00000,0.00000,0.00000,0.00000,0.00000,0,0,0,2,0,3,0,0,1,32872
Node_B7,Simulated Phosphate,10/1/1920,9/30/2010,0.00000,0.00000,0.00000,0.00000,0.00000,0,0,0,2,0,3,0,0,1,32872
DD_8,Simulated Phosphate,10/1/1920,9/30/2010,0.00000,0.00000,0.00000,0.00000,0.00000,0,0,0,2,0,3,0,0,1,32872
UV83,Simulated Phosphate,10/1/1920,9/30/2010,0.00000,0.00000,0.00000,0.00000,0.00000,0,0,0,2,0,3,0,0,1,32872
DD_12,Simulated Phosphate,10/1/1920,9/30/2010,0.00000,0.00000,0.00000,0.00000,0.00000,0,0,0,2,0,3,0,0,1,32872
Node_B9,Simulated Phosphate,10/1/1920,9/30/2010,0.00000,0.00000,0.00000,0.00000,0.00000,0,0,0,2,0,3,0,0,1,32872
Node_B10,Simulated Phosphate,10/1/1920,9/30/2010,0.00000,0.00000,0.00000,0.00000,0.00000,0,0,0,2,0,3,0,0,1,32872
Node_B11,Simulated Phosphate,10/1/1920,9/30/2010,0.00000,0.00000,0.00000,0.00000,0.00000,0,0,0,2,0,3,0,0,1,32872
DD_17,Simulated Phosphate,10/1/1920,9/30/2010,0.00000,0.00000,0.00000,0.00000,0.00000,0,0,0,2,0,3,0,0,1,32872
Node_B13,Simulated Phosphate,10/1/1920,9/30/2010,0.00000,0.00000,0.00000,0.00000,0.00000,0,0,0,2,0,3,0,0,1,32872
Node_B14,Simulated Phosphate,10/1/1920,9/30/2010,0.00000,0.00000,0.00000,0.00000,0.00000,0,0,0,2,0,3,0,0,1,32872
Node_B15,Simulated Phosphate,10/1/1920,9/30/2010,0.00000,0.00000,0.00000,0.00000,0.00000,0,0,0,2,0,3,0,0,1,32872
DD_18,Simulated Phosphate,10/1/1920,9/30/2010,0.00000,0.00000,0.00000,0.00000,0.00000,0,0,0,2,0,3,0,0,1,32872
Node_B28,Simulated Phosphate,10/1/1920,9/30/2010,0.00000,0.00000,0.00000,0.00000,0.00000,0,0,0,2,0,3,0,0,1,32872
Node_B29,Simulated Phosphate,10/1/1920,9/30/2010,0.00000,0.00000,0.00000,0.00000,0.00000,0,0,0,2,0,3,0,0,1,32872
DD_30,Simulated Phosphate,10/1/1920,9/30/2010,0.00000,0.00000,0.00000,0.00000,0.00000,0,0,0,2,0,3,0,0,1,32872
UV84,Simulated Phosphate,10/1/1920,9/30/2010,0.00000,0.00000,0.00000,0.00000,0.00000,0,0,0,2,0,3,0,0,1,32872
UV85,Simulated Phosphate,10/1/1920,9/30/2010,0.00000,0.00000,0.00000,0.00000,0.00000,0,0,0,2,0,3,0,0,1,32872
UV86,Simulated Phosphate,10/1/1920,9/30/2010,0.00000,0.00000,0.00000,0.00000,0.00000,0,0,0,2,0,3,0,0,1,32872
UV87,Simulated Phosphate,10/1/1920,9/30/2010,0.00000,0.00000,0.00000,0.00000,0.00000,0,0,0,2,0,3,0,0,1,32872
